2 4 3 3 10 10
0 500
1000 2000 3000 4000
-1.0 0.0 1.0
0 0.1 0.2
0.1 0.18 0.32 0.58 1.05 1.9 3.42 6.16 11.1 20.0
0.01 0.12 0.23 0.34 0.45 0.56 0.67 0.78 0.89 1
0.0 0.0
4.79 9.9
0.0 0.0
0.0 0.0
0.0 0.0
0.0 0.0
0.0 0.0
2.0 32.1
1.75 33.2
1.82 37.3
0.0 0.0
2.95 19.0
1.89 27.3
1.35 37.9
1.42 41.1
1.52 37.7
1.37 42.0
1.3 36.4
1.35 40.7
1.36 40.3
0.404 7.71
2.45 23.2
0.98 43.4
1.3 41.0
1.27 37.1
1.23 39.2
1.24 39.2
1.22 39.1
1.19 37.3
1.22 38.1
0.431 8.19
1.44 34.0
0.855 44.3
0.926 43.1
1.4 37.9
1.27 41.7
1.25 40.2
1.14 48.5
1.05 44.4
1.02 43.3
0.477 9.0
0.326 34.5
0.869 44.4
1.34 44.1
1.4 42.2
1.35 45.2
1.41 44.2
1.28 47.3
1.27 46.2
1.25 45.2
0.556 10.4
0.196 30.2
1.63 46.3
2.06 42.0
2.17 43.3
2.27 41.1
2.21 41.5
2.13 45.2
2.14 45.2
2.15 45.5
0.693 12.7
0.448 37.5
2.91 41.0
3.66 38.7
3.69 38.5
3.66 38.3
3.52 41.4
3.54 39.2
3.54 39.2
3.55 39.2
0.931 16.6
1.57 43.8
5.19 35.9
6.12 33.3
6.02 36.8
5.97 33.7
6.08 34.7
6.13 35.0
6.14 35.0
6.14 35.0
1.36 23.2
3.86 35.6
8.77 33.6
9.55 33.4
9.26 34.0
9.36 35.2
9.31 35.2
9.31 35.1
9.31 35.1
9.3 35.2
2.08 33.4
7.58 30.8
12.8 39.6
14.4 38.4
14.5 39.7
14.5 40.2
14.5 40.5
14.3 40.1
14.3 40.1
14.5 40.5
0.0 0.0
3.9 12.7
0.0 0.0
0.0 0.0
0.0 0.0
0.0 0.0
0.0 0.0
2.02 32.4
2.35 31.7
2.35 31.7
0.0 0.0
2.74 19.9
1.89 34.6
1.65 36.9
1.08 49.4
1.5 37.7
1.33 41.6
1.29 36.5
1.34 40.8
1.34 40.8
0.0 0.0
2.13 26.1
0.982 43.7
1.3 41.2
1.28 41.6
1.21 38.9
1.05 44.9
1.21 38.9
1.21 38.9
1.21 38.9
0.0 0.0
0.89 32.9
0.85 44.1
0.964 45.5
1.39 37.6
1.27 41.7
1.23 40.0
1.12 47.5
1.03 43.9
1.03 43.9
0.235 7.24
0.331 32.4
0.866 44.4
1.34 44.2
1.39 42.1
1.64 41.1
1.39 44.2
1.28 47.6
1.28 47.6
1.28 47.6
0.291 8.88
0.0872 25.3
1.63 46.7
2.07 42.2
2.17 43.3
2.27 41.1
2.2 41.5
2.13 45.2
2.13 45.2
2.13 45.2
0.383 11.5
0.189 31.9
2.91 41.1
3.65 38.7
3.69 38.5
3.65 38.3
3.54 39.6
3.54 39.3
3.54 39.2
3.54 39.2
0.543 15.8
0.795 46.0
5.18 35.9
6.13 34.1
6.02 36.8
5.97 33.7
6.07 34.7
6.13 35.0
6.13 35.0
6.13 35.0
0.813 22.6
3.65 37.2
8.76 33.6
9.5 33.3
9.26 34.0
9.36 35.2
9.31 35.3
9.31 35.2
9.3 35.2
9.3 35.2
1.28 33.4
7.16 30.4
12.8 39.6
14.4 38.3
14.7 40.7
14.5 40.2
14.6 40.6
14.3 40.1
14.3 40.1
14.3 40.1
0.0 0.0
3.26 14.6
0.0 0.0
0.0 0.0
0.0 0.0
0.0 0.0
0.0 0.0
1.75 37.4
2.27 31.8
2.27 31.8
0.0 0.0
2.32 21.4
2.03 31.0
1.62 37.0
1.2 45.6
1.47 37.5
1.31 41.7
1.27 36.4
1.32 40.8
1.32 40.8
0.0 0.0
1.79 29.0
0.944 41.1
1.29 41.0
1.21 35.8
1.21 39.2
1.02 44.2
1.2 38.7
1.19 38.6
1.19 38.6
0.0 0.0
0.542 37.9
0.849 44.3
0.934 44.8
1.37 37.3
1.24 41.2
1.21 39.6
1.11 48.4
1.03 44.5
1.03 44.5
0.0 0.0
0.0978 23.6
0.864 44.4
1.39 44.6
1.38 42.1
1.36 46.7
1.38 44.1
1.26 47.1
1.28 47.9
1.28 47.9
0.113 5.83
0.0445 23.8
1.65 47.6
2.04 41.8
2.17 43.7
2.26 41.2
2.19 41.5
2.12 45.3
2.12 45.3
2.12 45.3
0.179 9.06
0.0648 27.3
2.89 41.0
3.64 38.7
3.68 38.5
3.64 38.4
3.54 39.8
3.53 39.3
3.53 39.2
3.53 39.2
0.279 13.7
0.662 47.3
5.18 35.9
6.13 34.1
6.01 36.8
5.96 33.7
6.11 35.2
6.04 34.5
6.13 35.0
6.13 35.0
0.446 20.8
2.95 40.7
8.76 33.6
9.5 33.3
9.26 34.0
9.36 35.2
9.31 35.3
9.31 35.2
9.3 35.2
9.3 35.2
0.732 31.6
6.38 33.5
12.8 39.6
14.7 39.0
14.7 40.5
14.5 40.2
14.6 40.6
14.3 40.2
14.3 40.1
14.3 40.1
0.0 0.0
0.0 0.0
0.0 0.0
0.0 0.0
0.0 0.0
1.6 37.8
1.66 35.9
1.82 34.7
1.66 37.4
1.95 35.3
0.0 0.0
3.12 23.4
1.82 38.2
1.7 35.1
1.25 41.8
1.36 42.0
1.29 36.3
1.35 41.0
1.33 40.2
1.34 40.4
0.683 13.0
2.03 33.2
1.27 35.4
1.28 37.5
1.22 38.3
1.43 44.8
1.3 41.5
1.37 38.8
1.37 39.2
1.37 39.4
0.722 13.6
1.36 34.6
1.41 37.9
1.11 43.2
1.33 41.7
1.06 42.0
1.07 42.4
1.08 43.0
1.07 42.9
1.07 42.5
0.789 14.8
1.53 39.2
1.42 42.7
1.54 43.9
1.58 44.4
1.56 44.0
1.56 43.9
1.56 44.0
1.54 43.9
1.55 44.1
0.909 16.9
2.09 38.9
2.36 41.8
2.29 40.6
2.3 41.0
2.33 44.5
2.31 41.2
2.32 41.4
2.17 42.8
2.16 42.6
1.12 20.4
3.43 35.8
3.79 38.1
3.75 38.8
3.7 38.8
3.74 38.0
3.45 40.6
3.45 40.7
3.46 40.8
3.47 40.8
1.48 26.2
6.01 30.1
6.18 34.1
6.14 34.6
6.13 35.4
6.09 36.0
6.13 34.9
6.09 35.0
6.09 34.9
6.09 34.9
2.07 35.0
9.03 29.7
9.54 34.2
9.4 35.1
9.16 34.7
9.27 35.2
9.34 35.6
9.23 35.4
9.23 35.4
9.22 35.4
3.0 47.7
13.6 35.3
14.6 39.7
14.6 40.3
14.6 40.8
14.4 40.5
14.4 40.4
14.4 40.4
14.4 40.4
14.4 40.4
0.0 0.0
0.0 0.0
0.0 0.0
0.0 0.0
0.0 0.0
0.0 0.0
1.52 39.6
2.06 34.2
1.67 38.6
1.67 38.6
0.0 0.0
2.59 28.0
1.8 38.3
1.69 35.1
1.51 38.3
1.34 42.0
1.28 36.2
1.34 41.1
1.32 40.1
1.32 40.1
0.0 0.0
1.59 33.5
1.26 35.2
1.28 37.8
1.21 38.4
1.39 43.8
1.06 45.7
1.36 38.5
1.36 38.9
1.36 38.9
0.0 0.0
1.07 37.2
1.39 37.5
1.1 42.8
1.32 41.4
1.03 42.0
1.06 42.3
1.06 42.5
1.1 44.1
1.1 44.1
0.438 13.4
1.2 39.6
1.5 47.2
1.53 43.9
1.57 44.4
1.56 43.9
1.55 43.9
1.55 43.9
1.56 44.0
1.56 44.0
0.525 15.9
1.6 43.9
2.36 41.8
2.28 40.6
2.3 41.0
2.31 44.3
2.3 41.2
2.31 41.3
2.19 43.8
2.19 43.8
0.67 19.9
3.15 38.1
3.79 38.1
3.75 38.8
3.68 38.8
3.74 38.1
3.45 40.8
3.44 40.7
3.45 40.7
3.45 40.7
0.911 26.3
5.58 32.6
6.17 34.5
6.14 34.6
6.13 35.4
6.09 36.0
6.13 34.9
6.09 35.0
6.09 35.0
6.09 35.0
1.3 35.9
8.69 30.8
9.53 34.2
9.39 35.1
9.16 34.7
9.26 35.3
9.33 35.6
9.22 35.4
9.22 35.4
9.22 35.4
1.92 49.4
12.9 35.1
14.6 39.7
14.6 40.4
14.6 40.8
14.5 40.5
14.4 40.4
14.4 40.4
14.4 40.4
14.4 40.4
0.0 0.0
0.0 0.0
0.0 0.0
0.0 0.0
0.0 0.0
0.0 0.0
4.32e-05 17.1
2.03 33.5
1.64 38.9
1.64 38.9
0.0 0.0
1.85 29.5
1.44 40.4
1.67 37.5
1.49 38.4
1.32 42.1
1.26 36.0
1.32 41.3
1.33 41.4
1.33 41.4
0.0 0.0
1.31 38.5
1.26 35.4
1.26 37.6
1.19 38.4
1.4 44.8
1.04 45.8
1.34 38.2
1.34 38.5
1.34 38.5
0.0 0.0
0.83 43.7
1.43 42.8
1.08 42.7
1.3 41.1
1.02 41.7
1.02 41.8
1.08 43.6
1.05 42.6
1.05 42.6
0.0 0.0
0.944 41.0
1.51 47.6
1.52 44.0
1.33 43.3
1.5 44.8
1.54 43.8
1.54 43.9
1.55 44.1
1.55 44.1
0.263 13.4
1.64 41.4
2.36 41.9
2.27 40.6
2.29 41.1
2.32 44.7
2.3 41.4
2.31 41.5
2.18 43.9
2.18 43.9
0.366 18.3
2.85 38.0
3.78 38.1
3.74 38.8
3.69 38.9
3.73 38.1
3.44 40.7
3.44 40.8
3.45 40.9
3.45 40.9
0.527 25.6
5.1 34.7
6.16 34.5
6.13 34.6
6.12 35.5
6.07 36.4
6.12 34.9
6.08 35.0
6.08 34.9
6.08 34.9
0.781 36.0
8.24 31.4
9.53 34.3
9.39 35.1
9.15 34.7
9.28 35.3
9.32 35.6
9.22 35.5
9.22 35.4
9.22 35.4
1.19 50.4
12.8 36.2
14.6 39.7
14.7 40.8
14.6 40.8
14.4 40.5
14.4 40.5
14.4 40.4
14.4 40.4
14.4 40.4
0.0 0.0
0.0 0.0
0.0 0.0
0.0 0.0
0.0 0.0
0.0 0.0
0.0 0.0
0.0 0.0
1.38 35.2
0.0 0.0
0.0 0.0
2.72 28.7
1.24 41.6
1.38 37.0
1.22 40.2
1.3 36.4
1.3 36.4
1.3 36.4
1.29 36.1
1.73 35.0
0.723 13.7
1.78 38.1
1.26 41.7
1.38 41.5
1.23 39.1
1.33 41.1
1.33 41.1
1.33 41.1
1.34 41.5
1.37 42.3
0.762 14.4
1.93 35.4
1.18 40.4
1.2 46.0
1.09 46.1
1.03 41.6
1.03 41.6
1.03 41.6
1.04 41.7
1.04 41.8
0.833 15.6
2.14 37.1
1.35 43.9
1.54 41.7
1.62 43.6
1.51 42.9
1.51 42.9
1.51 42.9
1.51 42.9
1.39 45.4
0.958 17.8
2.52 38.0
2.29 42.1
2.33 42.6
2.29 43.6
2.21 41.5
2.21 41.5
2.21 41.5
2.21 41.5
2.22 41.5
1.18 21.4
4.17 33.2
3.67 38.6
3.78 36.3
3.5 39.4
3.67 38.0
3.67 38.0
3.68 38.0
3.68 38.0
3.68 38.0
1.55 27.3
6.68 30.4
6.19 34.7
6.15 35.3
6.11 35.5
6.1 34.5
6.1 34.5
6.1 34.5
6.1 34.5
6.1 34.5
2.15 36.3
9.92 30.6
9.36 34.7
9.37 35.5
9.3 35.7
9.33 35.1
9.33 35.2
9.33 35.2
9.33 35.2
9.33 35.2
3.09 49.2
15.3 35.5
14.5 40.1
14.5 40.5
14.5 40.8
14.5 40.5
14.5 40.5
14.4 40.6
14.4 40.6
14.5 40.6
0.0 0.0
0.0 0.0
0.0 0.0
0.0 0.0
0.0 0.0
0.0 0.0
0.0 0.0
0.0 0.0
1.42 39.8
1.42 39.8
0.0 0.0
2.63 28.9
1.46 32.8
1.39 37.9
1.21 40.0
1.28 36.4
1.29 36.7
1.3 36.7
1.29 36.4
1.29 36.4
1.05e-17 2.84e-07
1.52 35.7
1.25 41.6
1.33 37.0
1.23 39.2
1.31 40.8
1.31 40.8
1.31 40.8
1.31 40.9
1.31 40.9
5.4e-11 3e-07
1.48 40.2
1.17 40.3
1.17 45.2
1.07 45.6
1.03 41.8
1.03 41.8
1.03 41.8
1.03 41.5
1.03 41.5
0.469 14.3
1.78 41.0
1.34 43.8
1.45 45.6
1.61 43.6
1.36 44.9
1.5 42.8
1.5 42.8
1.51 42.9
1.51 42.9
0.559 16.9
2.26 40.9
2.28 42.1
2.05 43.2
2.29 43.9
2.21 41.5
2.21 41.5
2.21 41.5
2.21 41.5
2.21 41.5
0.711 21.1
3.93 34.4
3.69 40.0
3.77 36.3
3.53 39.6
3.67 38.1
3.66 38.0
3.68 38.1
3.68 38.1
3.68 38.1
0.961 27.6
6.26 31.3
6.14 34.1
6.14 35.3
6.11 35.5
6.09 34.6
6.09 34.5
6.1 34.5
6.1 34.6
6.1 34.6
1.36 37.4
9.42 31.1
9.38 34.7
9.36 35.4
9.29 35.7
9.32 35.1
9.33 35.2
9.33 35.2
9.33 35.2
9.33 35.2
1.99 51.1
15.1 36.3
14.5 40.1
14.5 40.5
14.5 40.8
14.5 40.5
14.5 40.5
14.4 40.6
14.4 40.6
14.4 40.6
0.0 0.0
0.0 0.0
0.0 0.0
0.0 0.0
0.0 0.0
0.0 0.0
0.0 0.0
0.0 0.0
1.64 37.2
1.64 37.2
0.0 0.0
2.32 31.6
1.5 38.3
1.37 37.6
1.18 39.7
1.26 36.2
1.29 37.4
1.29 37.4
1.27 36.3
1.27 36.3
2.05e-26 1.56e-07
1.2 40.7
1.24 41.4
1.31 36.8
1.19 38.7
1.29 40.7
1.29 40.7
1.29 40.7
1.29 40.7
1.29 40.7
6.78e-15 1.53e-07
1.29 37.5
1.17 40.7
1.18 45.8
1.07 46.3
1.01 41.4
1.01 41.4
1.02 41.4
1.02 41.5
1.02 41.5
6.33e-11 1.61e-07
1.25 41.1
1.35 44.5
1.44 45.8
1.58 43.5
1.35 45.3
1.36 45.4
1.36 45.3
1.36 45.2
1.36 45.2
0.288 14.7
2.03 42.2
2.28 42.2
2.15 42.6
2.27 43.7
2.2 41.6
2.2 41.6
2.2 41.6
2.2 41.5
2.2 41.5
0.396 19.8
3.63 36.8
3.69 40.0
3.78 36.4
3.51 39.6
3.66 38.1
3.66 38.1
3.67 38.1
3.67 38.1
3.67 38.1
0.564 27.3
5.87 32.9
6.14 34.2
6.14 35.3
6.1 35.5
6.09 34.6
6.09 34.6
6.09 34.6
6.09 34.6
6.09 34.6
0.827 38.0
9.15 32.6
9.14 34.3
9.35 35.4
9.29 35.8
9.32 35.1
9.32 35.2
9.32 35.2
9.32 35.2
9.32 35.2
1.24 52.6
14.6 37.0
14.5 40.1
14.5 40.6
14.5 40.8
14.5 40.6
14.5 40.6
14.4 40.6
14.4 40.6
14.4 40.6
0.0 0.0
5.56 2.91
0.0 0.0
0.0 0.0
0.0 0.0
0.0 0.0
0.0 0.0
0.0 0.0
0.0 0.0
9.89 5.81
0.0 0.0
5.56 2.92
8.81 4.94
9.51 5.5
9.67 5.68
9.84 5.8
9.9 5.85
9.91 5.86
9.91 5.86
9.89 5.84
0.29 5.58
5.57 2.92
8.9 5.12
9.61 5.7
9.76 5.81
9.9 5.93
9.92 5.95
9.92 5.95
9.96 5.97
9.95 5.99
0.303 5.82
5.59 2.96
8.97 5.32
9.73 5.88
9.89 6.01
9.9 6.03
10.0 6.12
10.1 6.14
10.1 6.16
10.2 6.19
0.327 6.23
5.67 3.06
9.14 5.58
9.91 6.12
10.1 6.27
10.2 6.4
10.2 6.42
10.3 6.43
10.3 6.42
10.3 6.41
0.369 6.96
5.78 3.26
9.46 5.95
10.3 6.59
10.6 6.77
10.6 6.85
10.7 6.89
10.7 6.88
10.7 6.89
10.7 6.89
0.444 8.26
6.06 3.61
10.2 6.65
11.0 7.29
11.3 7.56
11.3 7.62
11.4 7.64
11.4 7.68
11.5 7.72
11.4 7.69
0.573 10.4
6.64 4.17
11.2 7.66
12.3 8.63
12.8 8.98
12.7 9.02
12.8 9.03
12.8 9.02
12.8 9.04
12.9 9.06
0.798 13.9
7.66 4.92
13.3 9.54
15.2 10.2
15.7 10.4
15.9 10.5
16.0 10.6
15.9 10.5
16.1 10.7
16.0 10.6
1.2 19.7
9.4 6.33
18.1 11.5
20.7 12.7
21.1 12.9
21.4 13.0
21.5 13.0
21.6 13.2
21.6 13.2
21.7 13.3
0.0 0.0
0.0 0.0
0.0 0.0
0.0 0.0
0.0 0.0
0.0 0.0
0.0 0.0
0.0 0.0
0.0 0.0
0.0 0.0
0.0 0.0
5.47 2.93
8.81 4.98
9.48 5.5
9.73 5.72
9.9 5.86
9.87 5.83
9.9 5.86
9.8 5.79
9.8 5.79
0.0 0.0
5.43 2.94
8.88 5.12
9.6 5.7
9.8 5.89
9.92 5.94
9.91 5.96
9.98 6.0
9.95 5.99
9.95 5.99
0.0 0.0
5.48 2.97
8.95 5.31
9.75 5.9
9.87 6.04
10.0 6.12
10.0 6.13
10.0 6.14
10.1 6.15
10.1 6.15
0.0 0.0
5.55 3.08
9.1 5.55
9.91 6.12
10.1 6.33
10.2 6.37
10.3 6.41
10.3 6.43
10.3 6.42
10.3 6.42
0.162 4.9
5.66 3.31
9.44 5.96
10.3 6.56
10.5 6.75
10.6 6.85
10.7 6.88
10.7 6.88
10.6 6.88
10.6 6.88
0.219 6.54
5.9 3.7
10.1 6.59
11.0 7.29
11.6 7.82
11.4 7.62
11.4 7.64
11.4 7.67
11.4 7.69
11.4 7.69
0.306 8.92
6.48 4.13
11.2 7.67
12.3 8.63
12.6 8.9
12.7 9.02
12.8 9.03
12.8 9.04
12.8 9.03
12.8 9.03
0.458 12.8
7.54 4.78
13.3 9.57
15.1 10.3
15.7 10.3
15.9 10.5
16.0 10.6
16.0 10.5
15.9 10.5
15.9 10.5
0.717 18.8
9.05 6.13
18.1 11.5
20.7 12.6
21.3 12.8
21.4 13.0
21.5 13.0
21.6 13.2
21.6 13.2
21.6 13.2
0.0 0.0
0.0 0.0
0.0 0.0
0.0 0.0
0.0 0.0
0.0 0.0
0.0 0.0
0.0 0.0
0.0 0.0
0.0 0.0
0.0 0.0
5.39 2.83
8.84 5.01
9.49 5.5
9.75 5.75
4.95 2.23
9.95 5.89
9.92 5.89
9.85 5.82
9.85 5.82
0.0 0.0
5.39 2.83
8.87 5.13
9.59 5.7
9.78 5.89
9.9 5.94
9.91 5.96
9.97 5.99
9.93 5.97
9.93 5.97
0.0 0.0
5.45 2.85
8.96 5.3
9.71 5.89
9.88 6.05
9.99 6.1
10.0 6.14
10.1 6.19
10.1 6.15
10.1 6.15
0.0 0.0
5.48 2.99
9.11 5.58
9.9 6.12
10.1 6.33
10.2 6.4
10.3 6.41
10.2 6.44
10.3 6.42
10.3 6.42
0.0 0.0
5.56 3.25
9.41 5.96
10.3 6.6
10.5 6.74
10.6 6.84
10.6 6.87
10.7 6.89
10.7 6.89
10.7 6.89
0.0697 3.37
5.84 3.62
10.1 6.63
11.0 7.3
11.2 7.58
11.4 7.63
11.4 7.65
11.4 7.67
11.4 7.69
11.4 7.69
0.139 6.54
6.47 3.89
11.1 7.67
12.3 8.61
12.6 8.89
12.7 8.99
12.8 9.01
12.8 9.03
12.9 9.1
12.9 9.1
0.235 10.6
7.38 4.46
13.3 9.56
15.2 10.2
15.8 10.3
15.8 10.5
16.1 10.6
16.0 10.6
16.0 10.6
16.0 10.6
0.397 16.6
8.78 5.83
18.1 11.5
20.5 12.4
21.2 12.3
21.4 13.0
21.5 13.0
21.6 13.2
21.6 13.2
21.6 13.2
0.0 0.0
0.0 0.0
0.0 0.0
0.0 0.0
0.0 0.0
0.0 0.0
0.0 0.0
0.0 0.0
0.0 0.0
0.0 0.0
0.0 0.0
8.44 5.25
9.81 5.68
9.86 5.82
9.95 5.88
9.93 5.87
9.94 5.89
9.96 5.9
9.93 5.87
9.94 5.87
0.585 11.2
8.48 5.34
9.88 5.85
9.9 5.94
9.94 5.98
9.97 6.0
9.96 6.0
9.94 5.98
9.98 5.99
9.98 6.02
0.609 11.6
8.58 5.43
9.9 5.99
10.1 6.16
10.1 6.18
10.1 6.19
10.1 6.17
10.1 6.18
10.1 6.17
10.2 6.2
0.651 12.3
8.81 5.63
10.1 6.29
10.3 6.43
10.3 6.44
10.3 6.48
10.3 6.48
10.2 6.42
10.3 6.48
10.3 6.47
0.725 13.6
9.15 5.9
10.5 6.74
10.6 6.83
10.6 6.87
10.7 6.92
10.6 6.86
10.7 6.94
10.7 6.88
10.7 6.91
0.854 15.8
9.84 6.46
11.2 7.51
11.5 7.68
11.6 7.74
11.4 7.72
11.5 7.73
11.6 7.78
11.6 7.79
11.4 7.71
1.08 19.3
11.0 7.57
12.7 8.9
12.9 9.02
12.9 9.1
12.9 9.1
12.9 9.1
12.9 9.11
12.9 9.08
12.9 9.08
1.45 25.0
13.3 9.5
15.8 10.4
16.0 10.6
16.1 10.6
16.2 10.6
16.1 10.6
16.1 10.6
16.1 10.6
16.1 10.6
2.06 33.3
17.9 12.1
21.3 12.9
21.6 13.1
21.7 13.1
21.7 13.2
21.8 13.2
21.7 13.2
21.7 13.2
21.7 13.2
0.0 0.0
0.0 0.0
0.0 0.0
0.0 0.0
0.0 0.0
0.0 0.0
0.0 0.0
0.0 0.0
0.0 0.0
0.0 0.0
0.0 0.0
8.23 5.33
9.82 5.72
10.0 5.91
9.93 5.88
9.97 5.92
9.93 5.88
9.83 5.82
9.97 5.91
9.97 5.91
0.0 0.0
8.26 5.4
9.88 5.86
9.89 5.94
9.98 6.01
9.97 6.0
9.96 6.0
9.96 6.0
10.1 6.05
10.1 6.05
0.0 0.0
8.36 5.48
9.95 6.03
10.0 6.14
10.1 6.16
10.1 6.17
10.1 6.18
10.1 6.19
10.1 6.16
10.1 6.16
0.0 0.0
8.6 5.62
10.2 6.34
10.3 6.44
10.3 6.46
10.3 6.48
10.3 6.49
10.3 6.45
10.3 6.46
10.3 6.46
0.386 11.6
8.95 5.85
10.5 6.73
10.7 6.86
10.7 6.92
10.7 6.9
10.8 6.94
10.7 6.91
10.7 6.89
10.7 6.89
0.482 14.3
9.61 6.43
11.3 7.56
11.5 7.71
11.5 7.72
11.4 7.72
11.4 7.72
11.4 7.72
11.4 7.72
11.4 7.72
0.639 18.4
10.7 7.64
12.7 8.91
12.9 9.1
12.9 9.11
12.9 9.1
12.9 9.13
12.9 9.11
12.9 9.11
12.9 9.11
0.897 24.8
12.8 9.88
15.8 10.4
16.1 10.6
16.1 10.6
16.2 10.6
16.1 10.6
16.1 10.6
16.1 10.6
16.1 10.6
1.31 33.9
17.2 12.4
21.3 12.8
21.6 13.1
21.8 13.2
21.7 13.2
21.8 13.3
21.7 13.2
21.7 13.2
21.7 13.2
0.0 0.0
0.0 0.0
0.0 0.0
0.0 0.0
0.0 0.0
0.0 0.0
0.0 0.0
0.0 0.0
0.0 0.0
0.0 0.0
0.0 0.0
8.12 5.23
9.82 5.74
9.91 5.86
9.93 5.89
9.97 5.93
9.98 5.93
9.93 5.88
9.93 5.89
9.93 5.89
0.0 0.0
8.18 5.26
9.8 5.84
9.9 5.95
9.96 5.99
9.97 6.01
10.1 6.07
9.95 6.0
9.95 6.0
9.95 6.0
0.0 0.0
8.31 5.34
9.96 6.05
10.0 6.13
10.0 6.16
10.1 6.18
10.1 6.18
10.1 6.19
10.1 6.16
10.1 6.16
0.0 0.0
8.54 5.44
10.2 6.35
10.2 6.42
10.3 6.44
10.3 6.49
10.3 6.49
10.3 6.5
10.3 6.46
10.3 6.46
0.0 0.0
8.91 5.68
10.5 6.74
10.7 6.89
10.7 6.91
10.7 6.9
10.6 6.85
10.7 6.92
10.7 6.89
10.7 6.89
0.234 11.2
9.5 6.29
11.2 7.51
11.4 7.68
11.5 7.74
11.5 7.74
11.5 7.73
11.4 7.72
11.4 7.71
11.4 7.71
0.353 16.5
10.5 7.59
12.7 8.94
12.9 9.03
12.9 9.11
12.9 9.12
12.9 9.11
12.9 9.11
12.9 9.12
12.9 9.12
0.533 23.7
12.4 9.8
15.7 10.4
16.1 10.5
16.1 10.6
16.2 10.6
16.1 10.6
16.1 10.6
16.1 10.6
16.1 10.6
0.823 33.7
16.9 12.5
21.2 12.9
21.7 12.9
21.7 13.2
21.8 13.2
21.7 13.2
21.7 13.2
21.7 13.2
21.7 13.2
0.0 0.0
0.0 0.0
0.0 0.0
0.0 0.0
0.0 0.0
0.0 0.0
0.0 0.0
0.0 0.0
0.0 0.0
0.0 0.0
0.0 0.0
0.0 0.0
9.91 5.83
9.99 5.9
9.93 5.88
9.83 5.81
9.92 5.88
10.0 5.92
9.92 5.87
9.95 5.88
0.633 12.1
9.29 5.97
10.0 6.01
10.1 6.07
9.99 6.01
9.95 6.0
9.98 6.0
9.99 6.02
10.0 6.01
9.98 6.01
0.659 12.5
9.41 6.08
10.1 6.15
10.0 6.14
10.1 6.19
10.1 6.19
10.1 6.19
10.2 6.21
10.1 6.22
10.0 6.14
0.703 13.3
9.65 6.27
10.3 6.43
10.3 6.46
10.3 6.45
10.3 6.48
10.3 6.5
10.3 6.47
10.3 6.47
10.3 6.45
0.782 14.6
10.1 6.64
10.7 6.86
10.7 6.91
10.7 6.92
10.7 6.92
10.7 6.94
10.8 6.95
10.7 6.94
10.8 6.94
0.918 16.9
10.9 7.33
11.4 7.67
11.5 7.74
11.5 7.73
11.5 7.78
11.5 7.78
11.5 7.78
11.5 7.78
11.5 7.78
1.15 20.6
12.3 8.65
12.9 9.04
12.9 9.08
12.9 9.07
12.9 9.12
13.0 9.11
13.0 9.11
13.0 9.11
13.0 9.12
1.54 26.4
15.2 10.4
16.1 10.5
16.1 10.5
16.2 10.6
16.1 10.6
16.1 10.7
16.1 10.7
16.1 10.7
16.1 10.7
2.17 35.0
20.3 13.6
21.7 13.1
21.7 13.2
21.7 13.3
21.8 13.2
21.7 13.2
21.7 13.2
21.7 13.2
21.7 13.2
0.0 0.0
0.0 0.0
0.0 0.0
0.0 0.0
0.0 0.0
0.0 0.0
0.0 0.0
0.0 0.0
0.0 0.0
0.0 0.0
0.0 0.0
0.0 0.0
9.89 5.82
9.95 5.87
9.97 5.9
9.92 5.88
9.96 5.9
9.94 5.88
9.87 5.84
9.87 5.84
4.25e-29 2.62e-07
9.07 6.02
9.94 5.97
10.0 6.06
10.1 6.05
9.94 5.99
9.96 5.98
9.98 6.01
10.0 6.01
10.0 6.01
2.34e-16 2.63e-07
9.19 6.1
10.1 6.15
10.0 6.14
10.1 6.2
10.1 6.17
10.1 6.17
10.1 6.2
10.2 6.24
10.2 6.24
4.7e-14 2.68e-07
9.47 6.3
10.2 6.43
10.3 6.46
10.3 6.46
10.3 6.46
10.3 6.46
10.3 6.47
10.3 6.47
10.3 6.47
0.426 12.8
9.88 6.68
10.7 6.88
10.7 6.91
10.7 6.92
10.7 6.92
10.8 6.96
10.8 6.96
10.7 6.9
10.7 6.9
0.528 15.6
10.6 7.45
11.4 7.67
11.5 7.74
11.5 7.74
11.5 7.78
11.5 7.78
11.5 7.78
11.5 7.73
11.5 7.73
0.694 20.0
11.9 8.96
12.9 9.06
12.9 9.09
12.9 9.11
12.9 9.12
13.0 9.12
13.0 9.12
13.0 9.12
13.0 9.12
0.963 26.5
14.6 11.0
16.1 10.6
16.1 10.5
16.2 10.6
16.1 10.6
16.1 10.7
16.1 10.7
16.1 10.7
16.1 10.7
1.39 35.9
19.8 14.0
21.6 13.1
21.7 13.2
21.8 13.3
21.8 13.2
21.7 13.2
21.7 13.2
21.7 13.2
21.7 13.2
0.0 0.0
0.0 0.0
0.0 0.0
0.0 0.0
0.0 0.0
0.0 0.0
0.0 0.0
0.0 0.0
0.0 0.0
0.0 0.0
0.0 0.0
8.94 5.93
9.95 5.88
9.95 5.88
9.95 5.89
9.93 5.88
9.95 5.89
9.93 5.88
9.93 5.89
9.93 5.89
6.67e-54 1.3e-07
9.02 5.9
10.0 6.02
9.91 5.97
9.96 6.0
9.91 5.97
9.97 6.0
9.98 6.01
9.98 6.01
9.98 6.01
4.76e-24 1.32e-07
9.18 5.98
10.1 6.17
10.0 6.14
10.1 6.18
10.1 6.18
10.1 6.18
10.1 6.21
10.1 6.22
10.1 6.22
1.36e-15 1.33e-07
9.43 6.15
10.2 6.44
10.3 6.46
10.3 6.47
10.4 6.5
10.3 6.46
10.3 6.47
10.3 6.47
10.3 6.47
1.15e-12 1.33e-07
9.81 6.56
10.8 6.92
10.7 6.91
10.7 6.92
10.7 6.92
10.7 6.91
10.7 6.91
10.7 6.93
10.7 6.93
0.268 12.9
10.5 7.47
11.5 7.71
11.5 7.75
11.4 7.74
11.5 7.73
11.4 7.7
11.4 7.7
11.4 7.7
11.4 7.7
0.394 18.3
11.7 9.04
12.8 8.99
12.9 9.1
12.9 9.11
12.9 9.14
12.9 9.12
12.9 9.12
13.0 9.12
13.0 9.12
0.586 25.9
14.4 11.1
16.2 10.7
16.1 10.5
16.1 10.6
16.1 10.7
16.1 10.6
16.1 10.6
16.1 10.6
16.1 10.6
0.89 36.2
19.4 14.1
21.7 13.1
21.7 13.2
21.8 13.3
21.8 13.2
21.7 13.2
21.6 13.2
21.6 13.2
21.6 13.2
0.0 0.0
0.0 0.0
0.0 0.0
0.0 0.0
0.0 0.0
0.0 0.0
0.0 0.0
0.0 0.0
0.0 0.0
0.0 0.0
0.0 0.0
0.0 0.0
9.89 3.48
11.1 4.03
11.5 3.95
11.8 3.93
11.9 3.98
12.0 4.06
11.9 4.07
11.9 3.97
0.276 4.88
3.29 2.29
9.92 3.58
11.3 3.82
11.7 4.02
11.9 4.07
11.9 3.99
12.0 3.98
12.0 4.04
12.0 4.05
0.285 5.03
3.3 2.32
10.0 3.57
11.4 3.97
11.8 4.0
12.0 3.98
12.1 4.05
12.1 3.98
12.1 4.03
11.9 4.17
0.302 5.32
3.34 2.36
10.2 3.54
11.6 4.01
12.0 4.13
12.2 4.15
12.3 4.16
12.3 4.02
12.3 4.03
12.3 4.21
0.333 5.8
3.41 2.44
10.5 3.66
12.0 4.15
12.5 4.23
12.6 4.33
12.6 4.26
12.7 4.29
12.7 4.24
12.7 4.24
0.39 6.71
3.54 2.58
11.0 3.9
12.7 4.27
13.2 4.29
13.4 4.47
13.4 4.53
13.5 4.4
13.5 4.4
13.5 4.4
0.488 8.21
3.78 2.82
12.0 4.17
13.9 4.55
14.5 4.7
14.8 4.72
14.9 4.71
14.9 4.91
14.8 4.89
14.8 4.89
0.654 10.6
4.2 3.27
14.0 4.57
16.2 5.26
16.9 5.76
17.1 5.62
17.3 5.88
17.3 5.71
17.3 5.72
17.3 5.72
0.96 14.6
4.95 4.08
17.2 5.73
20.1 6.75
21.2 7.18
21.4 7.21
21.5 7.34
21.7 7.4
21.7 7.4
21.7 7.4
0.0 0.0
0.0 0.0
0.0 0.0
0.0 0.0
0.0 0.0
0.0 0.0
0.0 0.0
0.0 0.0
0.0 0.0
0.0 0.0
0.0 0.0
0.0 0.0
9.87 3.49
11.0 3.88
11.6 3.91
11.7 3.88
11.8 4.05
11.9 3.95
11.9 4.07
11.9 4.07
0.0 0.0
3.29 2.05
9.88 3.57
11.3 3.82
11.7 3.91
11.9 4.05
11.9 4.01
11.9 4.01
12.0 3.87
12.0 3.87
0.0 0.0
3.3 2.08
10.0 3.58
11.4 3.97
11.8 3.98
12.0 4.11
12.1 4.04
12.1 4.05
12.0 4.2
12.0 4.2
0.0 0.0
3.34 2.12
10.2 3.58
11.6 4.01
12.1 3.89
12.2 4.15
12.3 4.15
12.3 4.1
12.3 4.21
12.3 4.21
0.13 3.62
3.41 2.19
10.5 3.61
12.0 4.07
12.5 3.94
12.6 4.29
12.7 4.25
12.6 4.21
12.7 4.24
12.7 4.24
0.175 4.81
3.54 2.31
11.0 3.78
12.7 4.17
13.2 4.13
13.3 4.47
13.4 4.42
13.4 4.35
13.5 4.4
13.5 4.4
0.245 6.6
3.78 2.53
12.0 4.18
13.9 4.61
14.5 4.52
14.8 4.72
14.8 4.84
14.9 4.91
14.8 4.89
14.8 4.89
0.359 9.32
4.19 2.93
13.9 4.52
16.2 5.26
17.0 5.43
17.1 5.63
17.2 5.66
17.2 5.65
17.3 5.72
17.3 5.72
0.552 13.5
4.93 3.65
17.2 5.75
20.1 6.7
21.0 6.79
21.4 7.22
21.6 7.38
21.7 7.4
21.7 7.4
21.7 7.4
0.0 0.0
0.0 0.0
0.0 0.0
0.0 0.0
0.0 0.0
0.0 0.0
0.0 0.0
0.0 0.0
0.0 0.0
0.0 0.0
0.0 0.0
0.0 0.0
9.83 3.53
11.0 3.86
11.5 4.01
11.8 3.91
11.8 4.05
11.8 3.99
11.9 4.0
11.9 4.0
0.0 0.0
3.31 1.74
9.9 3.56
11.3 3.82
11.7 3.79
11.9 3.92
11.9 4.11
12.0 4.05
12.0 3.89
12.0 3.89
0.0 0.0
3.33 1.76
10.0 3.58
11.4 3.97
11.8 3.88
11.9 3.98
12.1 4.04
12.1 4.05
12.1 3.98
12.1 3.98
0.0 0.0
3.36 1.8
10.2 3.58
11.6 3.86
12.1 3.79
12.2 4.15
12.3 4.15
12.2 4.1
12.3 4.21
12.3 4.21
0.0 0.0
3.44 1.85
10.4 3.61
12.0 4.12
12.5 3.86
12.6 4.3
12.7 4.25
12.7 4.29
12.7 4.24
12.7 4.24
0.0 0.0
3.57 1.96
11.0 3.77
12.7 4.14
13.3 4.04
13.2 4.58
13.4 4.53
13.5 4.39
13.5 4.4
13.5 4.4
0.0963 4.1
3.81 2.14
12.0 4.12
14.0 4.51
14.4 4.66
14.6 4.87
14.8 4.83
14.8 4.89
14.8 4.9
14.8 4.9
0.175 7.16
4.23 2.48
13.9 4.52
16.2 5.22
16.9 5.28
17.1 5.63
17.3 5.66
17.2 5.69
17.3 5.72
17.3 5.72
0.302 11.5
4.96 3.09
17.2 5.75
20.2 6.71
21.2 6.67
21.4 7.15
21.6 7.38
21.7 7.4
21.7 7.4
21.7 7.4
0.0 0.0
0.0 0.0
0.0 0.0
0.0 0.0
0.0 0.0
0.0 0.0
0.0 0.0
0.0 0.0
0.0 0.0
0.0 0.0
0.0 0.0
7.45 5.48
0.0 0.0
11.8 4.06
12.0 3.99
12.0 4.1
12.0 4.0
12.1 3.96
12.0 3.96
12.0 4.09
0.6 10.6
7.48 5.51
11.8 4.05
12.0 4.02
12.0 3.97
12.1 3.97
12.1 3.94
12.1 4.05
12.1 3.96
12.1 3.96
0.619 10.9
7.55 5.58
11.9 3.9
12.1 3.98
12.2 4.1
12.2 4.05
12.2 4.02
12.2 4.0
12.2 4.04
12.2 4.04
0.652 11.4
7.68 5.69
12.0 4.09
12.3 4.13
12.4 4.12
12.5 4.04
12.4 4.16
12.4 4.14
12.3 4.23
12.2 4.22
0.71 12.3
7.9 5.89
12.5 4.28
12.8 4.14
12.8 4.3
12.8 4.32
12.8 4.25
12.8 4.19
12.9 4.2
12.9 4.1
0.813 13.9
8.3 6.27
13.2 4.41
13.5 4.39
13.4 4.39
13.5 4.52
13.6 4.52
13.6 4.5
13.6 4.5
13.6 4.51
0.99 16.5
9.04 6.96
14.5 4.84
14.9 4.8
14.9 4.85
15.0 4.96
15.0 4.75
14.9 4.88
14.9 5.02
14.9 4.9
1.29 20.7
10.4 8.25
16.9 5.52
17.3 5.73
17.4 5.68
17.4 5.78
17.4 5.75
17.4 5.68
17.4 5.82
17.4 5.82
1.8 27.0
12.7 10.6
21.1 7.11
21.6 7.3
21.8 7.49
21.8 7.45
21.8 7.41
21.7 7.46
21.8 7.46
21.8 7.55
0.0 0.0
0.0 0.0
0.0 0.0
0.0 0.0
0.0 0.0
0.0 0.0
0.0 0.0
0.0 0.0
0.0 0.0
0.0 0.0
0.0 0.0
0.0 0.0
0.0 0.0
11.8 4.06
6e-14 9.95
12.0 3.99
12.0 3.96
12.0 4.06
12.0 3.99
12.0 3.99
0.0 0.0
7.71 5.07
11.8 4.07
12.0 4.03
12.0 4.02
12.0 4.02
12.1 3.92
12.1 4.08
12.1 4.08
12.1 4.08
0.0 0.0
7.78 5.13
11.8 4.03
12.1 3.98
12.1 4.11
12.1 4.25
12.2 4.02
12.2 4.02
12.2 4.02
12.2 4.02
0.0 0.0
7.91 5.23
12.1 4.01
12.3 4.13
12.4 4.12
12.4 4.1
12.5 3.97
12.4 4.2
12.4 4.16
12.4 4.16
0.358 9.92
8.14 5.42
12.5 4.29
12.8 4.12
12.8 4.22
12.8 4.32
12.8 4.31
12.8 4.19
12.8 4.19
12.8 4.19
0.437 12.0
8.56 5.77
13.2 4.41
13.5 4.3
13.5 4.42
13.5 4.52
13.4 4.66
13.6 4.5
13.6 4.5
13.6 4.5
0.566 15.1
9.32 6.41
14.5 4.86
14.9 4.8
14.9 4.85
14.9 4.95
14.9 4.81
15.0 4.97
14.9 5.02
14.9 5.02
0.778 20.0
10.7 7.6
16.9 5.53
17.4 5.78
17.4 5.68
17.4 5.72
17.4 5.74
17.4 5.79
17.4 5.79
17.4 5.79
1.12 27.1
13.1 9.81
21.1 7.12
21.7 7.36
21.8 7.49
21.8 7.45
21.7 7.48
21.8 7.55
21.8 7.55
21.8 7.55
0.0 0.0
0.0 0.0
0.0 0.0
0.0 0.0
0.0 0.0
0.0 0.0
0.0 0.0
0.0 0.0
0.0 0.0
0.0 0.0
0.0 0.0
0.0 0.0
0.0 0.0
11.9 3.97
11.9 4.03
12.0 4.09
11.9 4.13
11.9 4.13
12.0 3.98
12.0 3.98
0.0 0.0
8.11 4.46
11.7 4.07
12.0 4.02
12.0 3.97
12.1 3.92
12.1 3.97
12.1 3.93
12.1 3.93
12.1 3.93
0.0 0.0
8.18 4.51
11.9 3.9
12.1 3.94
9.52 9.61
12.2 4.02
12.2 4.02
12.2 4.02
12.2 4.02
12.2 4.02
0.0 0.0
8.32 4.6
12.0 4.27
12.4 3.96
12.4 4.06
12.4 4.16
12.4 3.97
12.4 4.07
12.4 4.2
12.4 4.2
0.0 0.0
8.56 4.77
12.5 4.12
12.8 4.09
12.7 4.16
12.7 4.24
12.8 4.31
12.8 4.19
12.8 4.19
12.8 4.19
0.188 8.13
9.0 5.08
13.1 4.42
13.5 4.26
13.5 4.42
13.4 4.52
13.4 4.66
13.6 4.5
13.6 4.51
13.6 4.51
0.296 12.5
9.8 5.65
14.5 4.75
14.8 4.7
14.9 4.85
14.9 4.95
14.9 4.81
14.9 4.88
14.9 5.02
14.9 5.02
0.454 18.3
11.3 6.71
16.9 5.54
17.3 5.45
17.4 5.79
17.4 5.78
17.4 5.78
17.4 5.79
17.4 5.79
17.4 5.79
0.705 26.3
13.9 8.67
21.1 7.17
21.6 7.13
21.8 7.5
21.8 7.46
21.8 7.41
21.8 7.55
21.8 7.55
21.8 7.55
0.0 0.0
0.0 0.0
0.0 0.0
0.0 0.0
0.0 0.0
0.0 0.0
0.0 0.0
0.0 0.0
0.0 0.0
0.0 0.0
0.0 0.0
0.0 0.0
12.0 4.01
12.0 3.98
12.0 4.0
12.0 4.0
12.0 4.01
12.1 3.93
12.1 3.88
12.0 4.02
0.656 11.5
8.81 6.51
12.1 4.11
12.1 4.04
12.1 3.97
12.1 4.09
12.1 4.01
11.9 4.13
11.9 4.13
11.9 4.13
0.676 11.8
8.9 6.59
12.1 4.2
12.2 4.11
12.2 4.19
12.2 4.04
12.2 4.1
12.2 4.11
12.2 4.11
12.2 3.99
0.711 12.4
9.06 6.73
12.4 4.06
12.4 4.18
12.4 4.11
12.5 4.13
12.5 4.03
12.4 4.27
12.4 4.27
12.4 4.27
0.773 13.4
9.34 6.98
12.8 4.31
12.8 4.29
12.9 4.3
12.8 4.3
12.8 4.26
12.9 4.33
12.9 4.33
12.9 4.33
0.882 15.0
9.85 7.44
13.4 4.5
13.5 4.58
13.6 4.52
13.6 4.47
13.7 4.33
13.6 4.41
13.6 4.49
13.6 4.49
1.07 17.8
10.8 8.3
14.9 4.9
15.0 4.86
15.0 4.84
15.0 4.88
15.0 4.85
15.0 5.09
15.0 5.09
15.0 5.09
1.38 22.1
12.4 9.89
17.4 5.69
17.5 5.86
17.4 5.67
17.4 5.7
17.4 5.86
17.4 5.64
17.4 5.64
17.4 5.64
1.91 28.7
15.2 12.7
21.8 7.48
21.7 7.46
21.8 7.43
21.8 7.39
21.8 7.46
21.8 7.46
21.8 7.46
21.7 7.39
0.0 0.0
0.0 0.0
0.0 0.0
0.0 0.0
0.0 0.0
0.0 0.0
0.0 0.0
0.0 0.0
0.0 0.0
0.0 0.0
0.0 0.0
0.0 0.0
11.9 4.11
12.0 4.09
12.0 3.99
12.0 3.93
12.0 3.97
12.0 4.04
12.1 3.93
12.1 3.93
2.13e-41 1.71e-07
9.18 6.05
12.0 4.08
12.0 4.06
12.1 3.99
12.1 4.0
12.1 3.98
12.1 4.07
12.1 4.08
12.1 4.08
2.17e-21 1.66e-07
9.27 6.12
12.0 4.21
12.2 3.96
12.2 4.19
12.2 4.02
12.2 4.21
12.2 4.14
12.2 4.14
12.2 4.14
8.59e-20 1.66e-07
9.43 6.25
12.4 4.06
12.4 4.23
12.4 4.1
12.4 4.2
12.5 4.03
12.4 4.26
12.4 4.26
12.4 4.26
0.402 11.1
9.73 6.49
12.8 4.32
12.8 4.29
12.9 4.15
12.9 4.31
12.9 4.28
12.8 4.19
12.9 4.33
12.9 4.33
0.486 13.3
10.3 6.92
13.4 4.5
13.5 4.58
13.6 4.52
13.6 4.54
13.7 4.33
13.6 4.44
13.6 4.44
13.6 4.44
0.624 16.6
11.2 7.73
14.9 4.91
14.9 4.84
15.0 4.84
15.0 4.88
14.9 4.89
15.0 4.86
15.0 4.86
15.0 4.86
0.848 21.7
13.0 9.2
17.4 5.69
17.4 5.73
17.5 5.79
17.4 5.69
17.4 5.86
17.2 5.7
17.2 5.7
17.2 5.7
1.21 29.1
16.2 12.1
21.7 7.47
21.7 7.46
21.8 7.43
21.8 7.4
21.7 7.39
21.7 7.39
21.7 7.39
21.7 7.39
0.0 0.0
0.0 0.0
0.0 0.0
0.0 0.0
0.0 0.0
0.0 0.0
0.0 0.0
0.0 0.0
0.0 0.0
0.0 0.0
0.0 0.0
0.0 0.0
11.9 4.05
12.0 4.04
12.0 3.99
12.0 4.03
11.9 4.06
12.0 3.98
12.1 3.93
12.1 3.93
1.46e-94 7.47e-08
9.79 5.39
12.0 4.1
12.1 4.01
12.1 4.11
12.1 4.0
12.1 3.98
12.1 3.93
12.1 3.93
12.1 3.93
7.9e-37 7.35e-08
9.89 5.46
12.0 4.22
12.2 4.14
12.2 4.2
12.2 3.96
12.2 4.13
12.2 4.13
12.2 3.99
12.2 3.99
6.7e-21 7.29e-08
10.1 5.58
12.4 4.07
12.4 4.18
12.4 4.18
12.3 4.1
12.4 4.19
12.4 4.26
12.4 4.08
12.4 4.08
6.07e-17 7.01e-08
10.4 5.79
12.7 4.32
12.8 4.29
12.9 4.15
12.9 4.11
12.8 4.28
12.9 4.18
12.8 4.19
12.8 4.19
0.224 9.68
11.0 6.19
13.3 4.5
13.5 4.58
13.6 4.52
13.6 4.55
13.6 4.4
13.6 4.44
13.6 4.44
13.6 4.44
0.34 14.3
12.0 6.89
14.9 4.75
14.9 4.85
14.9 4.83
14.9 5.03
14.9 4.9
14.9 4.98
15.0 4.82
15.0 4.82
0.51 20.4
10.7 6.04
17.3 5.68
17.4 5.73
17.4 5.85
17.4 5.69
17.4 5.87
17.2 5.7
17.2 5.7
17.2 5.7
0.777 28.8
18.0 11.3
21.7 7.36
21.7 7.46
21.8 7.41
21.8 7.29
21.7 7.39
21.7 7.39
21.7 7.39
21.7 7.39
0.39 5.8
0.0 0.0
11.5 2.07
12.9 2.12
13.3 2.2
13.5 2.16
13.5 2.2
13.6 2.27
13.6 2.24
13.6 2.26
0.393 5.84
0.0 0.0
11.5 2.06
13.0 2.09
13.4 2.19
13.5 2.23
13.6 2.21
13.6 2.25
13.6 2.26
13.6 2.24
0.399 5.92
3.43 2.91
11.6 2.06
13.0 2.18
13.4 2.21
13.5 2.2
13.7 2.17
13.7 2.22
13.7 2.25
13.7 2.25
0.409 6.06
3.44 2.93
11.6 2.06
13.1 2.22
13.5 2.1
13.7 2.24
13.7 2.23
13.8 2.27
13.8 2.33
13.8 2.32
0.428 6.32
3.48 2.97
11.7 2.08
13.3 2.17
13.7 2.25
13.8 2.25
13.9 2.32
14.0 2.44
14.0 2.34
14.0 2.32
0.462 6.77
3.53 3.05
12.0 2.05
13.6 2.13
14.0 2.37
14.2 2.38
14.2 2.37
14.3 2.4
14.3 2.51
14.3 2.34
0.522 7.57
3.65 3.18
12.5 2.21
14.1 2.44
14.6 2.51
14.8 2.53
14.9 2.57
14.9 2.57
14.9 2.6
14.9 2.61
0.625 8.9
3.85 3.42
13.4 2.38
15.2 2.59
15.7 2.67
15.8 2.87
15.9 2.86
15.9 2.95
16.0 2.86
16.0 2.84
0.805 11.1
4.23 3.86
15.0 2.72
17.0 3.11
17.6 3.21
17.8 3.3
17.9 3.18
17.9 3.28
18.0 3.44
17.9 3.28
1.13 14.7
4.9 4.66
17.8 3.35
20.4 3.85
21.1 4.03
21.3 4.15
21.4 4.03
21.5 4.16
21.6 4.19
21.5 4.25
4.92e-76 4.79e-10
0.0 0.0
11.5 2.09
12.9 2.15
13.3 2.12
13.5 2.16
13.5 2.19
13.6 2.27
13.6 2.24
13.6 2.24
1.49e-47 9.14e-10
0.0 0.0
11.4 2.1
13.0 2.08
13.4 2.17
13.5 2.26
13.6 2.26
13.6 2.38
13.6 2.26
13.6 2.26
5.11e-34 2.08e-09
3.43 2.63
11.4 2.11
13.0 2.07
13.4 2.17
13.5 2.22
13.6 2.29
13.7 2.22
13.7 2.25
13.7 2.25
1.01e-25 1.31e-08
3.44 2.66
11.6 2.11
13.1 2.22
13.5 2.22
13.6 2.15
13.8 2.23
13.8 2.27
13.8 2.33
13.8 2.33
1.06e-23 4.99e-08
3.47 2.69
11.8 2.07
13.3 2.17
13.7 2.18
13.9 2.23
13.9 2.32
13.9 2.29
14.0 2.3
14.0 2.3
0.19 4.5
3.53 2.76
12.0 2.13
13.6 2.24
14.0 2.23
3.3e-23 11.3
14.2 2.37
14.3 2.37
14.4 2.48
14.4 2.48
0.237 5.56
3.64 2.88
12.6 2.09
14.1 2.44
14.6 2.33
12.3 6.97
14.9 2.52
14.9 2.59
14.9 2.56
14.9 2.56
0.311 7.17
3.84 3.1
13.4 2.3
15.2 2.56
15.7 2.66
15.8 2.85
15.9 2.87
16.0 2.8
15.9 2.82
15.9 2.82
0.435 9.7
4.21 3.49
14.9 2.76
17.0 3.06
17.6 3.07
17.8 3.25
17.9 3.32
17.9 3.26
17.9 3.31
17.9 3.31
0.645 13.6
4.86 4.22
17.8 3.37
20.4 3.93
21.1 3.82
21.3 4.15
21.4 4.23
21.5 4.09
21.5 4.28
21.5 4.28
0.0 1.03e-10
0.0 0.0
11.4 2.07
12.9 2.05
13.3 2.09
13.4 2.17
13.6 2.2
13.6 2.28
13.6 2.24
13.6 2.24
0.0 1.33e-10
0.0 0.0
11.4 2.1
13.0 2.13
13.4 2.18
13.5 2.19
13.6 2.26
13.6 2.25
13.6 2.26
13.6 2.26
3.26e-67 1.69e-10
3.5 2.27
11.4 2.11
13.0 2.08
13.4 2.17
13.5 2.1
13.6 2.27
13.7 2.22
13.7 2.25
13.7 2.25
3.55e-44 2.76e-10
3.5 2.29
11.6 2.07
13.1 2.22
13.5 2.13
13.7 2.13
13.7 2.23
13.8 2.27
13.7 2.32
13.7 2.32
6.9e-29 2.43e-10
3.54 2.32
11.8 2.1
13.3 2.17
13.7 2.18
13.9 2.12
13.9 2.32
13.9 2.27
14.0 2.28
14.0 2.28
0.0 0.0
3.6 2.38
12.0 2.08
13.6 2.11
14.0 2.23
14.2 2.23
14.3 2.4
14.3 2.38
14.3 2.49
14.3 2.49
1.92e-19 4.45e-09
3.71 2.48
12.5 2.1
14.1 2.28
14.6 2.28
0.00296 22.8
14.8 2.52
14.9 2.58
14.9 2.61
14.9 2.61
0.123 4.39
3.91 2.67
13.4 2.36
15.2 2.53
15.7 2.54
15.8 2.8
15.9 2.88
15.9 2.7
16.0 2.71
16.0 2.71
0.212 7.35
4.27 3.0
14.9 2.59
17.0 2.89
17.6 2.96
17.8 3.25
17.9 3.25
17.9 3.29
18.0 3.27
18.0 3.27
0.355 11.5
4.93 3.62
17.8 3.35
20.4 3.72
21.1 3.73
21.3 4.15
21.4 4.23
21.5 4.12
21.5 4.11
21.5 4.11
0.717 10.7
7.07 6.36
13.4 2.28
13.6 2.26
13.7 2.35
13.7 2.23
13.7 2.28
13.7 2.26
13.7 2.31
13.7 2.3
0.722 10.7
7.08 6.37
13.4 2.38
13.6 2.28
13.7 2.29
13.7 2.25
13.7 2.24
13.7 2.28
13.8 2.25
13.7 2.38
0.731 10.9
7.11 6.41
13.5 2.32
13.7 2.23
13.8 2.25
13.8 2.24
13.8 2.35
13.8 2.22
13.8 2.23
13.8 2.23
0.748 11.1
7.16 6.46
13.6 2.31
13.8 2.29
13.9 2.3
13.9 2.32
13.9 2.36
13.9 2.33
13.9 2.29
13.9 2.36
0.778 11.5
7.26 6.56
13.8 2.3
14.0 2.3
14.0 2.4
14.1 2.32
14.1 2.34
14.1 2.32
14.1 2.28
14.1 2.33
0.832 12.2
7.43 6.75
14.1 2.44
14.3 2.37
14.3 2.4
14.4 2.47
14.4 2.44
14.4 2.44
14.4 2.41
14.4 2.47
0.926 13.4
7.74 7.08
14.7 2.57
14.9 2.56
15.0 2.6
15.0 2.6
15.0 2.58
15.0 2.54
15.0 2.54
15.0 2.54
1.09 15.5
8.3 7.69
15.7 2.88
16.0 2.82
16.1 2.87
16.1 2.83
16.1 2.85
16.1 2.86
16.1 2.86
16.1 2.87
1.38 18.8
9.3 8.82
17.6 3.23
18.0 3.27
18.0 3.4
18.1 3.32
18.1 3.37
18.1 3.41
18.1 3.41
18.1 3.45
1.86 23.9
11.1 10.9
21.1 4.14
21.5 4.13
21.6 4.12
21.6 4.16
21.7 4.19
21.7 4.22
21.7 4.22
21.7 4.22
8.45e-67 7.65e-10
7.3 5.9
13.3 2.26
13.6 2.28
13.6 2.35
13.7 2.28
13.7 2.25
13.7 2.27
13.7 2.33
13.7 2.33
2.77e-40 1.39e-09
7.32 5.91
13.4 2.36
13.6 2.28
13.7 2.29
13.7 2.25
13.7 2.27
13.7 2.38
13.7 2.27
13.7 2.27
4.66e-29 3.31e-09
7.35 5.94
13.4 2.36
13.7 2.22
13.8 2.25
13.8 2.27
13.8 2.35
13.8 2.22
13.8 2.23
13.8 2.23
5.53e-27 1.26e-08
7.4 6.0
13.6 2.29
13.8 2.29
13.9 2.26
13.9 2.3
13.9 2.24
13.9 2.31
13.9 2.27
13.9 2.27
2.93e-29 2.42e-08
7.5 6.09
13.7 2.3
14.0 2.35
14.0 2.33
14.0 2.4
14.1 2.32
14.1 2.33
14.1 2.33
14.1 2.33
0.414 9.83
7.67 6.26
14.0 2.43
14.3 2.26
14.4 2.42
14.4 2.37
14.4 2.46
14.4 2.44
14.4 2.47
14.4 2.47
0.487 11.4
7.99 6.57
14.6 2.55
14.9 2.47
8.45e-32 12.7
15.0 2.6
15.0 2.58
15.0 2.54
14.9 2.67
14.9 2.67
0.609 14.0
8.56 7.15
15.7 2.84
16.0 2.73
1.38e-16 17.5
16.1 2.82
16.1 2.83
16.1 2.88
16.1 2.9
16.1 2.9
0.81 18.0
9.59 8.2
17.6 3.24
18.0 3.23
0.0109 28.8
18.1 3.35
18.1 3.36
18.1 3.43
18.1 3.43
18.1 3.43
1.14 23.9
11.4 10.1
21.1 4.15
21.5 4.05
21.6 4.24
21.6 4.16
21.6 4.15
21.7 4.22
21.6 4.19
21.6 4.19
0.0 1.38e-10
7.74 5.25
13.4 2.32
13.6 2.24
13.6 2.28
13.7 2.29
13.7 2.27
13.7 2.27
13.7 2.31
13.7 2.31
2.48e-94 1.76e-10
7.75 5.27
13.4 2.34
13.6 2.25
13.7 2.27
13.7 2.25
13.7 2.27
13.7 2.24
13.7 2.26
13.7 2.26
2.26e-56 2.29e-10
7.78 5.29
13.5 2.31
13.7 2.23
13.7 2.26
13.8 2.25
13.8 2.18
13.8 2.22
13.8 2.23
13.8 2.23
1.6e-34 3.41e-10
7.84 5.34
13.5 2.32
13.8 2.21
13.8 2.24
13.9 2.25
13.9 2.27
13.9 2.33
13.9 2.19
13.9 2.19
1.66e-25 7.98e-10
7.94 5.42
13.7 2.29
14.0 2.18
14.0 2.18
14.1 2.32
14.1 2.38
14.1 2.33
14.1 2.33
14.1 2.33
3.02e-22 2.35e-09
8.13 5.57
14.1 2.43
14.3 2.36
14.4 2.47
14.4 2.35
14.4 2.43
14.4 2.44
14.4 2.44
14.4 2.44
6.98e-24 3.12e-09
8.46 5.85
14.6 2.62
14.9 2.43
15.0 2.5
15.0 2.63
15.0 2.58
15.0 2.75
15.0 2.54
15.0 2.54
0.311 11.1
9.07 6.36
15.7 2.85
16.0 2.66
1.91e-13 18.8
16.1 2.89
16.1 2.86
16.1 2.86
16.2 2.8
16.2 2.8
0.469 16.1
10.2 7.31
17.6 3.28
18.0 3.05
7.78 24.6
18.1 3.24
18.1 3.34
18.1 3.41
18.1 3.41
18.1 3.41
0.717 22.9
12.1 9.06
21.1 4.06
21.5 3.87
21.6 4.11
21.6 4.17
21.6 4.19
21.6 4.2
21.6 4.2
21.6 4.2
0.762 11.3
7.84 7.05
13.7 2.28
13.7 2.26
13.7 2.26
13.7 2.29
13.7 2.22
13.7 2.33
13.7 2.22
13.7 2.22
0.767 11.4
8.77 7.99
13.6 2.34
13.7 2.25
13.8 2.32
13.7 2.3
13.7 2.31
13.8 2.23
13.7 2.34
13.8 2.23
0.777 11.5
7.67 6.88
13.7 2.31
13.8 2.3
13.8 2.33
13.8 2.3
13.8 2.3
13.8 2.24
13.8 2.24
13.8 2.24
0.795 11.8
8.19 7.43
13.8 2.33
13.9 2.28
13.9 2.31
13.9 2.29
13.9 2.33
13.9 2.28
13.9 2.28
13.9 2.28
0.826 12.2
8.3 7.55
14.0 2.38
14.1 2.37
14.1 2.41
14.1 2.33
14.1 2.34
14.1 2.32
14.1 2.32
14.1 2.32
0.882 12.9
8.49 7.75
14.4 2.52
14.4 2.4
14.4 2.49
14.4 2.4
14.4 2.46
14.4 2.42
14.4 2.42
14.4 2.42
0.981 14.2
8.2 7.5
15.0 2.65
15.0 2.48
15.1 2.68
15.0 2.68
15.0 2.54
15.0 2.65
15.0 2.65
15.0 2.65
1.15 16.3
9.53 8.88
16.1 2.96
16.1 2.85
16.1 2.88
16.1 2.9
16.1 2.86
16.1 2.88
16.1 2.98
16.1 2.86
1.45 19.7
10.6 10.1
18.1 3.36
18.1 3.43
18.1 3.38
18.1 3.37
18.1 3.38
18.1 3.39
18.1 3.35
18.1 3.38
1.94 25.0
12.7 12.5
21.6 4.19
21.7 4.21
21.7 4.17
21.7 4.25
21.7 4.34
21.7 4.26
21.7 4.15
21.7 4.15
2.11e-56 9.02e-10
8.12 6.56
13.7 2.42
13.7 2.26
13.7 2.28
13.7 2.29
13.7 2.21
13.7 2.21
13.7 2.33
13.7 2.33
9.65e-37 1.62e-09
8.44 6.83
13.7 2.29
13.7 2.25
13.8 2.32
13.7 2.31
13.7 2.28
13.8 2.23
13.8 2.33
13.8 2.33
7.31e-29 3.48e-09
8.76 7.14
13.7 2.34
13.8 2.31
13.8 2.36
13.8 2.3
13.8 2.36
13.8 2.35
13.8 2.24
13.8 2.24
2.3e-27 1.84e-08
8.54 6.95
13.8 2.35
13.9 2.3
13.9 2.32
13.9 2.3
13.9 2.38
13.9 2.28
13.9 2.28
13.9 2.28
8.4e-30 2.24e-08
8.66 7.06
14.0 2.42
14.1 2.3
14.1 2.41
14.1 2.35
14.1 2.27
14.1 2.32
14.1 2.32
14.1 2.32
0.449 10.7
8.87 7.27
14.4 2.53
14.4 2.43
14.5 2.49
14.4 2.39
14.4 2.37
14.4 2.42
14.4 2.42
14.4 2.42
0.526 12.3
9.26 7.65
15.0 2.64
15.0 2.73
15.0 2.51
15.0 2.68
15.0 2.57
15.0 2.65
15.0 2.65
15.0 2.65
0.653 15.0
9.8 8.2
16.1 2.97
16.1 2.85
16.1 2.84
16.1 2.78
16.1 2.85
16.1 2.89
16.1 2.78
16.1 2.78
0.862 19.1
11.2 9.58
18.0 3.32
18.1 3.43
18.1 3.33
18.1 3.37
18.1 3.38
18.1 3.33
18.1 3.36
18.1 3.36
1.21 25.2
12.6 11.7
21.6 4.3
21.7 4.19
21.7 4.17
21.6 4.25
21.7 4.32
21.7 4.27
21.7 4.15
21.7 4.15
0.0 1.44e-10
9.16 6.25
13.6 2.26
13.7 2.21
13.7 2.22
13.7 2.28
13.7 2.21
13.7 2.21
13.7 2.21
13.7 2.21
0.0 1.81e-10
9.26 6.32
13.7 2.45
13.8 2.24
13.7 2.32
13.7 2.26
13.8 2.33
13.7 2.34
13.7 2.3
13.7 2.3
0.0 2.39e-10
9.08 6.19
13.8 2.35
13.8 2.25
13.8 2.36
13.8 2.3
13.8 2.3
13.8 2.24
13.8 2.24
13.8 2.24
3.97e-34 3.62e-10
9.61 6.59
13.8 2.36
13.9 2.28
13.9 2.32
13.9 2.23
13.9 2.33
13.9 2.28
13.9 2.28
13.9 2.28
4.85e-25 8.94e-10
10.8 7.52
14.0 2.36
14.1 2.38
14.1 2.41
14.1 2.35
14.1 2.39
14.1 2.32
14.1 2.32
14.1 2.32
2.09e-22 2.44e-09
8.64 5.61
14.3 2.51
14.4 2.33
14.4 2.51
14.5 2.41
14.4 2.46
14.4 2.42
14.4 2.42
14.4 2.42
1.42e-24 3.56e-09
9.93 6.88
14.9 2.66
15.0 2.47
15.0 2.51
15.0 2.69
15.0 2.57
15.0 2.65
15.0 2.65
15.0 2.65
0.345 12.3
10.7 7.51
16.0 2.83
16.1 2.81
16.1 2.84
16.1 2.78
16.1 2.87
16.1 2.75
16.1 2.99
16.1 2.99
0.511 17.5
12.3 8.87
18.0 3.33
18.1 3.32
18.1 3.34
18.1 3.36
18.1 3.24
18.1 3.35
18.1 3.36
18.1 3.36
0.771 24.6
8.85 6.02
21.6 4.28
21.7 4.18
21.6 4.18
21.7 4.25
21.7 4.29
21.7 4.28
21.7 4.15
21.7 4.15
0.0 0.0
7.6e-09 0.0845
0.0 0.0
0.0 0.0
0.0 0.0
0.0 0.0
0.0 0.0
0.0 0.0
0.0 0.0
0.0 0.0
0.0 0.0
3.62 9.4
5.08 18.3
5.31 21.1
5.28 22.5
5.35 23.0
5.46 22.8
5.48 22.7
5.57 22.9
5.49 22.6
0.0341 0.671
3.41 9.87
4.85 22.1
5.09 23.5
5.4 23.5
5.3 24.6
5.5 24.3
5.42 23.9
5.42 23.9
5.44 23.9
0.0991 1.94
3.29 12.0
4.61 24.2
5.26 24.7
5.21 26.2
5.33 26.1
5.54 26.0
5.47 26.3
5.49 26.0
5.59 26.8
0.194 3.78
2.89 15.7
5.04 25.7
5.85 26.5
5.87 26.9
5.97 27.0
6.06 26.9
5.99 27.0
6.02 27.1
6.07 27.4
0.342 6.6
2.86 19.0
5.95 27.5
7.04 27.5
7.22 28.1
7.36 28.4
7.48 28.0
7.47 27.9
7.53 28.1
7.56 28.2
0.575 10.9
3.36 22.3
8.19 27.8
9.81 27.7
9.98 28.2
9.98 28.7
10.0 28.6
10.1 28.6
10.1 28.6
10.1 28.6
0.944 17.4
4.62 24.6
11.6 30.2
12.9 33.0
14.0 32.0
14.3 32.2
14.3 31.9
14.0 31.7
14.1 31.7
14.1 31.7
1.54 27.3
7.17 27.0
17.6 36.6
19.5 37.1
19.8 38.0
20.0 38.6
19.9 38.6
20.0 38.7
20.0 38.7
20.0 38.7
2.51 41.7
11.8 30.5
27.5 41.6
29.5 45.4
29.9 46.5
30.1 47.0
30.1 47.1
30.2 47.2
30.2 47.2
30.2 47.1
0.0 0.0
3.72e-10 0.0713
0.0 0.0
0.0 0.0
0.0 0.0
0.0 0.0
0.0 0.0
0.0 0.0
0.0 0.0
0.0 0.0
0.0 0.0
3.37 9.39
4.92 17.9
5.32 21.3
5.28 22.5
5.33 23.0
5.45 22.9
5.44 22.6
5.54 22.8
5.54 22.8
0.0 0.0
3.2 9.94
4.86 22.2
5.31 24.4
5.36 23.6
5.28 24.3
5.45 24.1
5.42 23.9
5.42 23.9
5.42 23.9
0.00775 0.244
3.06 12.4
4.61 24.2
5.25 24.7
5.27 26.3
5.32 26.1
5.47 25.7
5.42 26.1
5.47 26.3
5.47 26.3
0.0762 2.39
2.69 16.2
5.03 25.7
5.85 26.5
5.97 27.1
6.0 27.2
6.05 26.9
6.02 27.0
5.98 27.0
5.98 27.0
0.17 5.28
2.64 19.2
5.94 27.5
7.04 27.5
2.69 41.5
7.35 28.4
7.58 28.7
7.46 27.9
7.52 28.1
7.52 28.1
0.315 9.64
2.99 22.8
8.18 27.8
9.81 27.7
10.1 28.2
9.99 28.8
10.0 28.6
10.1 28.7
10.1 28.6
10.1 28.6
0.546 16.2
4.21 25.6
11.6 30.5
12.9 33.0
13.9 32.0
14.3 32.1
14.2 31.9
14.1 31.7
14.0 31.7
14.0 31.7
0.916 26.1
6.84 27.7
17.6 36.7
19.4 37.1
20.1 38.1
20.0 38.6
19.9 38.6
19.9 38.7
20.0 38.7
20.0 38.7
1.52 40.4
11.4 29.6
27.5 41.6
29.5 45.2
30.5 46.0
30.0 47.0
30.1 47.2
30.2 47.2
30.2 47.2
30.2 47.2
0.0 0.0
2.68e-13 0.0259
0.0 0.0
0.0 0.0
0.0 0.0
0.0 0.0
0.0 0.0
0.0 0.0
0.0 0.0
0.0 0.0
0.0 0.0
2.99 9.7
4.85 17.8
5.45 21.9
5.25 22.5
5.3 23.1
5.47 22.5
5.42 22.6
5.52 22.9
5.52 22.9
0.0 0.0
2.98 10.1
4.88 22.4
5.34 24.6
5.36 23.5
5.26 24.3
5.41 24.0
5.42 24.1
5.4 23.9
5.4 23.9
0.0 0.0
2.83 12.9
4.61 24.2
5.26 24.7
5.29 26.4
5.36 25.5
5.43 25.7
5.39 26.1
5.43 26.2
5.43 26.2
0.0143 0.747
2.5 16.3
5.03 25.7
5.85 26.5
5.95 27.1
5.99 27.2
6.13 27.4
5.95 26.9
5.96 27.0
5.96 27.0
0.0695 3.61
2.33 20.4
5.94 27.5
7.04 27.5
7.3 28.1
7.34 28.4
7.56 28.7
7.45 28.0
7.5 28.2
7.5 28.2
0.15 7.67
2.75 22.9
8.17 27.8
9.86 28.0
10.6 30.1
9.98 28.8
10.0 28.6
10.1 28.8
10.0 28.6
10.0 28.6
0.279 13.9
3.73 26.5
11.6 30.5
12.9 33.0
13.9 32.1
14.3 32.2
14.2 31.9
14.0 31.7
14.0 31.7
14.0 31.7
0.491 23.3
6.41 27.5
17.7 36.8
19.6 37.3
20.3 38.2
20.0 38.6
19.9 38.7
19.9 38.7
19.9 38.7
19.9 38.7
0.851 37.3
10.8 29.9
27.5 41.6
29.7 45.0
30.5 46.2
30.0 47.0
30.1 47.2
30.1 47.2
30.1 47.2
30.1 47.2
0.0 0.0
0.0 0.0
0.0 0.0
0.0 0.0
0.0 0.0
0.0 0.0
0.0 0.0
0.0 0.0
0.0 0.0
0.0 0.0
0.0 0.0
5.68 16.0
5.66 22.0
5.53 22.4
5.56 22.9
5.5 22.5
5.52 22.5
5.62 22.5
5.58 22.3
5.57 22.5
0.226 4.45
5.08 18.8
5.4 23.8
5.44 23.8
5.37 24.8
5.35 24.3
5.35 24.3
5.37 24.4
5.36 24.3
5.35 24.3
0.423 8.29
4.98 20.7
5.61 26.7
5.39 25.6
5.47 26.1
5.53 25.7
5.54 25.8
5.58 26.2
5.54 25.9
5.56 25.9
0.661 12.9
5.33 23.0
5.97 26.4
5.94 27.0
6.16 27.0
5.94 27.7
6.0 27.9
6.0 27.8
6.01 27.9
6.01 27.9
0.973 18.7
6.24 25.1
7.26 28.1
7.42 28.2
7.54 27.9
7.69 28.1
7.57 28.0
7.58 28.0
7.59 27.9
7.6 27.9
1.41 26.5
8.39 25.6
9.96 28.3
10.1 28.7
10.1 28.5
10.1 28.7
10.1 28.8
10.1 28.7
10.1 28.7
10.1 28.8
2.01 36.9
11.7 28.2
14.0 31.9
14.3 31.8
14.2 32.0
14.3 32.2
14.3 32.2
14.3 32.2
14.3 32.2
14.3 32.2
2.9 50.8
16.5 35.3
19.9 38.1
20.0 38.5
20.0 38.9
20.0 38.9
20.1 38.9
20.0 38.8
20.0 38.9
20.0 38.9
4.23 69.4
26.9 41.6
30.2 46.3
30.2 47.1
30.3 47.4
30.2 47.6
30.2 47.6
30.3 47.6
30.3 47.6
30.4 47.3
0.0 0.0
0.0 0.0
0.0 0.0
0.0 0.0
0.0 0.0
0.0 0.0
0.0 0.0
0.0 0.0
0.0 0.0
0.0 0.0
0.0 0.0
5.33 16.5
5.56 21.7
5.53 22.6
5.56 22.8
5.5 22.7
5.5 22.5
5.59 22.6
5.55 22.3
5.55 22.3
0.0 0.0
4.79 19.4
5.38 23.7
5.44 23.9
5.31 24.6
5.35 24.3
5.34 24.3
5.34 24.3
5.34 24.3
5.34 24.3
0.0801 2.52
4.81 21.4
5.44 25.5
5.5 25.6
5.43 25.9
5.52 25.7
5.55 26.0
5.53 25.8
5.54 25.8
5.54 25.8
0.312 9.76
5.0 23.6
5.97 26.4
2.21 37.4
6.14 27.0
6.02 27.8
5.94 27.7
5.95 27.7
6.0 27.9
6.0 27.9
0.544 16.8
5.89 25.2
7.26 28.1
7.58 28.0
7.59 28.0
7.63 27.8
7.57 28.0
7.58 28.0
7.59 28.0
7.59 28.0
0.839 25.5
8.03 26.2
9.96 28.3
10.1 28.6
10.1 28.5
10.1 28.7
10.1 29.0
10.1 28.7
10.1 28.8
10.1 28.8
1.24 36.7
11.2 28.9
14.1 32.3
14.2 31.7
14.3 32.1
14.3 32.2
14.3 32.1
14.3 32.2
14.3 32.2
14.3 32.2
1.83 51.4
15.9 35.6
19.9 38.1
20.0 38.5
20.0 38.9
20.0 38.9
20.0 38.9
20.0 38.9
20.0 38.9
20.0 38.9
2.7 70.9
26.2 41.7
30.2 46.3
30.3 47.0
30.3 47.4
30.2 47.6
30.2 47.6
30.2 47.6
30.2 47.6
30.2 47.6
0.0 0.0
0.0 0.0
0.0 0.0
0.0 0.0
0.0 0.0
0.0 0.0
0.0 0.0
0.0 0.0
0.0 0.0
0.0 0.0
0.0 0.0
4.93 17.4
5.51 21.7
5.49 22.8
5.54 22.8
5.48 22.7
5.47 22.6
5.52 22.4
5.57 22.5
5.57 22.5
0.0 0.0
4.55 20.3
5.38 23.8
5.43 24.0
5.29 24.6
5.33 24.4
5.32 24.3
5.32 24.3
5.34 24.4
5.34 24.4
0.0 0.0
4.45 22.5
5.43 25.5
5.38 25.7
5.5 25.7
5.53 25.7
5.52 26.0
5.54 26.0
5.52 25.8
5.52 25.8
0.0822 4.31
4.72 24.6
5.97 26.5
5.94 27.1
6.13 27.0
6.0 27.8
5.92 27.7
5.93 27.7
5.94 27.7
5.94 27.7
0.267 13.8
5.62 25.7
7.26 28.1
7.44 28.1
7.58 28.1
7.61 27.8
7.55 28.0
7.56 28.0
7.57 28.0
7.57 28.0
0.466 23.7
7.62 27.0
9.92 28.2
10.1 28.7
10.1 28.5
10.1 28.7
10.1 29.0
10.1 29.0
10.1 28.8
10.1 28.8
0.727 35.8
10.8 29.5
14.1 31.9
14.3 31.7
14.2 32.2
14.3 32.2
14.3 32.1
14.3 32.2
14.3 32.2
14.3 32.2
1.1 51.3
15.6 36.3
19.9 38.1
20.1 38.6
20.0 38.9
20.0 38.9
20.0 39.0
20.0 38.9
20.0 38.9
20.0 38.9
1.67 71.8
25.8 42.2
30.2 46.3
30.2 47.1
30.3 47.4
30.2 47.6
30.2 47.6
30.2 47.6
30.2 47.6
30.2 47.6
0.0 0.0
0.0 0.0
0.0 0.0
0.0 0.0
0.0 0.0
0.0 0.0
0.0 0.0
0.0 0.0
0.0 0.0
0.0 0.0
0.0 0.0
6.46 16.4
5.57 22.6
5.53 22.6
5.59 23.0
5.49 22.6
5.48 22.5
5.49 22.5
5.55 22.9
5.57 22.9
0.323 6.35
5.58 20.7
5.31 24.6
5.45 24.2
5.4 23.8
5.37 24.3
5.37 24.4
5.37 24.3
5.37 24.4
5.36 24.3
0.533 10.4
5.69 22.3
5.55 26.0
5.53 25.9
5.43 25.7
5.47 25.7
5.47 25.9
5.52 26.0
5.52 26.0
5.52 26.0
0.782 15.2
6.28 23.4
6.09 27.6
6.06 27.0
6.12 27.8
6.02 27.0
6.03 27.0
6.03 27.0
6.03 27.0
6.03 27.0
1.11 21.2
7.28 25.0
7.57 27.8
7.46 27.9
7.59 27.6
7.55 27.8
7.56 27.8
7.56 27.8
7.56 27.8
7.56 27.8
1.55 29.2
9.78 26.9
10.1 28.5
10.1 28.9
10.2 29.1
10.0 28.7
10.0 28.7
10.0 28.7
10.0 28.7
10.0 28.7
2.17 39.7
12.6 31.3
14.4 32.2
14.1 31.9
14.3 32.2
14.4 32.4
14.4 32.4
14.4 32.4
14.4 32.4
14.4 32.4
3.08 53.8
19.4 36.3
20.1 38.6
20.1 38.9
20.0 38.9
20.1 39.0
20.1 39.0
20.1 39.0
20.1 39.0
20.1 39.0
4.43 72.5
29.0 45.3
30.4 47.0
30.2 47.4
30.3 47.5
30.2 47.3
30.2 47.3
30.4 47.5
30.4 47.5
30.4 47.5
0.0 0.0
0.0 0.0
0.0 0.0
0.0 0.0
0.0 0.0
0.0 0.0
0.0 0.0
0.0 0.0
0.0 0.0
0.0 0.0
0.0 0.0
0.0 0.0
5.55 22.6
5.51 22.7
5.55 22.9
5.46 22.6
5.47 22.6
5.47 22.6
5.48 22.7
5.48 22.7
2.33e-12 2.71e-07
5.2 22.0
5.35 24.7
5.43 24.1
5.41 24.0
5.36 24.3
5.36 24.3
5.36 24.3
5.4 24.5
5.4 24.5
0.138 4.34
5.44 22.9
3.63 31.0
5.51 25.9
5.44 25.8
5.49 25.9
5.47 26.0
5.47 26.0
5.48 26.0
5.48 26.0
0.391 12.2
5.96 24.2
6.06 27.3
6.05 27.0
5.99 27.2
6.04 27.1
6.04 27.1
6.04 27.1
6.05 27.1
6.05 27.1
0.636 19.6
6.96 26.2
7.57 27.8
7.45 27.8
7.56 27.7
7.55 27.8
7.55 27.8
7.55 27.8
7.55 27.8
7.55 27.8
0.942 28.5
9.48 27.2
10.1 28.5
10.1 28.9
10.1 29.1
10.1 29.1
10.1 29.1
10.1 29.1
10.1 29.1
10.1 29.1
1.36 39.9
12.5 32.2
14.3 32.0
14.3 32.2
14.3 32.0
14.3 32.3
14.3 32.3
14.3 32.3
14.3 32.3
14.3 32.3
1.96 54.8
19.0 36.7
20.1 38.6
20.0 38.9
20.0 38.9
20.1 39.0
20.1 39.0
20.1 39.0
20.1 39.0
20.1 39.0
2.85 74.6
28.5 45.7
30.4 47.0
30.2 47.4
30.3 47.5
30.4 47.5
30.4 47.5
30.4 47.5
30.4 47.5
30.4 47.5
0.0 0.0
0.0 0.0
0.0 0.0
0.0 0.0
0.0 0.0
0.0 0.0
0.0 0.0
0.0 0.0
0.0 0.0
0.0 0.0
0.0 0.0
0.0 0.0
5.54 22.5
5.49 22.7
5.52 23.0
5.46 22.7
5.44 22.7
5.44 22.6
5.45 22.6
5.45 22.6
1.75e-16 1.43e-07
5.1 22.5
5.43 23.9
5.41 24.1
5.39 24.0
5.34 24.4
5.34 24.4
5.34 24.4
5.36 24.4
5.36 24.4
4.61e-11 1.45e-07
5.15 23.8
5.53 25.9
5.49 25.9
5.42 25.8
5.47 25.9
5.45 26.0
5.45 26.0
5.46 26.0
5.46 26.0
0.126 6.6
5.89 25.2
6.02 26.6
6.04 27.1
5.97 27.3
6.02 27.2
6.03 27.2
6.03 27.2
6.03 27.2
6.03 27.2
0.33 17.1
6.79 26.5
7.54 27.9
7.43 27.9
7.55 27.7
7.53 27.8
7.53 27.8
7.53 27.8
7.53 27.8
7.53 27.8
0.54 27.4
9.28 27.6
10.1 28.8
10.1 28.9
10.1 29.1
10.1 29.1
10.1 29.1
10.1 29.1
10.1 29.1
10.1 29.1
0.812 39.8
12.3 33.2
14.3 32.0
14.3 32.2
14.3 32.0
14.3 32.3
14.3 32.3
14.3 32.3
14.3 32.4
14.3 32.4
1.2 55.7
18.5 37.1
20.1 38.6
20.0 38.9
20.0 38.9
20.1 39.0
20.1 39.0
20.1 39.0
20.1 39.0
20.1 39.0
1.79 76.5
28.1 46.2
30.4 47.0
30.2 47.5
30.3 47.6
30.2 47.3
30.2 47.3
30.4 47.5
30.4 47.5
30.4 47.5
0.0 0.0
3.04 1.63
0.0 0.0
0.0 0.0
0.0 0.0
0.0 0.0
0.0 0.0
0.0 0.0
0.0 0.0
0.0 0.0
0.0 0.0
3.06 1.64
9.97 5.0
11.2 5.82
11.6 6.09
11.9 6.23
12.0 6.27
12.0 6.3
12.0 6.27
12.0 6.25
0.0265 0.52
3.1 1.68
10.1 5.13
11.5 6.03
11.7 6.23
12.0 6.34
12.1 6.38
12.0 6.4
12.1 6.36
12.1 6.41
0.0615 1.21
3.16 1.72
10.1 5.27
11.5 6.15
11.9 6.37
12.1 6.46
12.2 6.52
12.2 6.55
12.2 6.52
12.2 6.51
0.11 2.15
3.29 1.81
10.4 5.52
11.9 6.4
12.3 6.63
12.4 6.72
12.7 6.9
12.6 6.81
12.6 6.8
12.7 6.87
0.183 3.54
3.5 1.96
10.7 5.86
12.5 6.88
12.9 7.06
13.1 7.13
13.3 7.16
13.3 7.16
13.2 7.15
13.3 7.19
0.294 5.62
3.88 2.22
11.8 6.74
13.8 7.52
14.3 7.55
14.6 7.67
14.8 7.79
14.9 7.95
14.9 7.95
14.9 7.95
0.472 8.78
4.53 2.69
13.7 7.8
16.2 8.4
16.7 8.49
17.1 8.78
17.1 8.69
17.2 8.72
17.2 8.73
17.2 8.73
0.758 13.5
5.62 3.52
17.5 9.16
20.2 10.2
20.9 10.7
21.0 10.7
21.3 10.8
21.4 10.9
21.4 11.0
21.5 11.0
1.24 20.8
7.47 5.01
23.4 12.1
26.8 13.8
27.3 14.0
27.7 14.3
27.8 14.4
27.9 14.4
27.9 14.4
27.9 14.4
0.0 0.0
2.84 1.36
0.0 0.0
0.0 0.0
0.0 0.0
0.0 0.0
0.0 0.0
0.0 0.0
0.0 0.0
0.0 0.0
0.0 0.0
2.86 1.37
10.0 5.05
11.2 5.82
11.6 6.11
12.0 6.24
12.1 6.32
12.0 6.29
12.0 6.26
12.0 6.26
0.0 0.0
2.91 1.4
9.92 5.09
11.5 6.03
11.7 6.18
12.0 6.35
12.1 6.38
12.1 6.41
12.1 6.39
12.1 6.39
0.0 0.0
2.98 1.45
10.1 5.26
11.5 6.15
11.9 6.36
12.1 6.47
12.2 6.52
12.2 6.5
12.2 6.51
12.2 6.51
0.0 0.0
3.11 1.52
10.3 5.49
11.9 6.44
12.2 6.59
12.4 6.72
12.5 6.79
12.6 6.82
12.6 6.83
12.6 6.83
0.0556 1.71
3.34 1.66
10.9 5.95
12.4 6.89
12.9 7.02
13.1 7.11
13.2 7.12
13.4 7.19
13.2 7.15
13.2 7.15
0.133 4.02
4.92 2.19
11.8 6.74
13.8 7.57
14.2 7.53
14.6 7.68
14.8 7.79
14.7 7.72
14.9 7.95
14.9 7.95
0.247 7.31
5.96 2.86
13.7 7.81
16.2 8.43
16.8 8.41
17.2 8.81
17.1 8.7
17.3 8.85
17.2 8.73
17.2 8.73
0.43 12.2
7.42 3.98
17.5 9.09
20.1 10.3
21.1 10.5
21.0 10.7
21.3 10.8
21.4 10.9
21.4 11.0
21.4 11.0
0.732 19.5
9.72 5.82
23.4 12.1
26.7 13.8
27.6 13.8
27.7 14.3
27.8 14.4
27.9 14.4
27.9 14.4
27.9 14.4
0.0 0.0
0.0 0.0
0.0 0.0
0.0 0.0
0.0 0.0
0.0 0.0
0.0 0.0
0.0 0.0
0.0 0.0
0.0 0.0
0.0 0.0
3.91 1.62
9.94 5.01
11.3 5.9
11.6 6.08
5.97 2.48
12.0 6.29
12.0 6.31
12.0 6.27
12.0 6.27
0.0 0.0
3.96 1.64
9.98 5.1
11.5 6.04
11.7 6.17
11.9 6.33
12.0 6.38
12.1 6.44
12.1 6.38
12.1 6.38
0.0 0.0
4.05 1.69
10.1 5.25
11.5 6.15
12.0 6.34
12.2 6.5
12.2 6.52
12.2 6.54
12.2 6.5
12.2 6.5
0.0 0.0
4.19 1.78
10.3 5.49
11.9 6.45
12.2 6.55
12.4 6.72
12.7 6.91
12.6 6.82
12.6 6.81
12.6 6.81
0.0 0.0
4.4 1.96
10.8 5.95
12.4 6.89
12.8 6.97
13.2 7.15
13.2 7.13
13.3 7.2
13.2 7.16
13.2 7.16
0.0426 2.08
4.86 2.29
11.8 6.75
13.8 7.65
14.2 7.44
14.5 7.68
14.7 7.7
14.7 7.73
14.7 7.73
14.7 7.73
0.112 5.33
5.63 2.85
13.7 7.82
16.2 8.33
16.7 8.28
17.2 8.82
17.1 8.7
17.2 8.86
17.2 8.73
17.2 8.73
0.219 9.95
6.89 3.79
17.5 9.17
20.2 10.2
21.0 10.2
21.0 10.7
21.1 10.7
21.4 11.0
21.4 11.0
21.4 11.0
0.401 16.9
9.05 5.63
23.4 12.1
26.8 13.7
27.4 13.4
27.7 14.3
27.8 14.4
27.9 14.4
27.9 14.4
27.9 14.4
0.0 0.0
0.0 0.0
0.0 0.0
0.0 0.0
0.0 0.0
0.0 0.0
0.0 0.0
0.0 0.0
0.0 0.0
0.0 0.0
0.0 0.0
9.45 5.19
11.8 6.11
12.0 6.29
12.1 6.31
12.1 6.31
12.1 6.3
12.1 6.33
12.1 6.31
12.0 6.29
0.22 4.32
9.55 5.25
12.0 6.28
12.1 6.38
12.2 6.43
12.2 6.45
12.2 6.44
12.2 6.45
12.1 6.39
12.2 6.43
0.311 6.08
9.72 5.37
12.0 6.4
12.3 6.56
12.2 6.51
12.3 6.52
12.3 6.54
12.3 6.55
12.3 6.55
12.4 6.59
0.428 8.33
10.0 5.58
12.4 6.64
12.6 6.82
12.7 6.87
12.7 6.86
12.8 6.89
12.8 6.9
12.8 6.88
12.8 6.88
0.594 11.4
10.6 5.95
13.0 7.1
13.3 7.15
13.4 7.21
13.4 7.2
13.5 7.26
13.4 7.22
13.4 7.23
13.4 7.23
0.823 15.6
11.6 6.62
14.5 7.68
14.9 7.78
14.9 7.88
14.9 7.76
14.9 7.77
14.9 7.74
14.9 7.74
14.8 7.71
1.16 21.3
13.3 7.83
17.0 8.7
17.3 8.78
17.3 8.82
17.5 8.91
17.5 8.89
17.5 8.89
17.5 8.89
17.5 8.89
1.65 29.1
16.3 9.95
21.0 10.6
21.4 10.8
21.4 10.8
21.4 10.9
21.5 10.9
21.5 11.0
21.5 10.9
21.5 10.9
2.39 39.6
21.2 13.5
27.5 14.1
28.0 14.3
28.4 14.7
28.1 14.6
28.1 14.6
28.1 14.4
28.1 14.4
28.1 14.4
0.0 0.0
0.0 0.0
0.0 0.0
0.0 0.0
0.0 0.0
0.0 0.0
0.0 0.0
0.0 0.0
0.0 0.0
0.0 0.0
0.0 0.0
9.99 4.82
11.8 6.09
11.9 6.24
12.0 6.31
12.0 6.3
12.1 6.33
12.1 6.33
12.1 6.32
12.1 6.32
0.0 0.0
10.1 4.91
11.9 6.29
12.1 6.36
12.1 6.44
12.2 6.44
12.1 6.39
12.1 6.43
12.2 6.46
12.2 6.46
0.0 0.0
10.2 5.07
12.0 6.41
12.3 6.56
12.2 6.52
12.2 6.48
12.3 6.54
12.3 6.54
12.3 6.55
12.3 6.55
0.0 0.0
10.5 5.35
12.3 6.64
12.6 6.82
12.8 6.9
12.6 6.82
12.7 6.88
12.7 6.87
12.7 6.87
12.7 6.87
0.246 7.54
11.1 5.8
13.0 7.1
13.3 7.16
13.4 7.21
13.5 7.26
13.4 7.22
13.5 7.28
13.4 7.23
13.4 7.23
0.435 13.1
12.1 6.64
14.5 7.7
14.9 7.76
14.9 7.88
14.9 7.77
14.9 7.78
14.9 7.75
14.8 7.71
14.8 7.71
0.676 19.8
13.8 8.01
16.9 8.63
17.3 8.8
17.3 8.83
17.5 8.91
17.5 8.89
17.4 8.84
17.5 8.89
17.5 8.89
1.02 28.5
17.0 10.0
21.0 10.6
21.5 10.8
21.4 10.8
21.4 10.9
21.5 10.9
21.5 11.0
21.4 10.9
21.4 10.9
1.52 39.9
22.3 13.6
27.5 14.2
28.2 14.5
28.4 14.7
28.1 14.6
28.1 14.6
28.1 14.4
28.1 14.4
28.1 14.4
0.0 0.0
0.0 0.0
0.0 0.0
0.0 0.0
0.0 0.0
0.0 0.0
0.0 0.0
0.0 0.0
0.0 0.0
0.0 0.0
0.0 0.0
9.55 5.21
11.7 6.15
11.9 6.24
12.0 6.3
12.0 6.3
12.1 6.32
12.0 6.3
12.1 6.34
12.1 6.34
0.0 0.0
9.63 5.31
11.8 6.23
12.0 6.35
12.1 6.44
12.0 6.4
12.1 6.4
12.2 6.41
12.1 6.43
12.1 6.43
0.0 0.0
9.76 5.45
12.0 6.41
12.3 6.56
12.2 6.52
12.2 6.49
12.3 6.55
12.3 6.55
12.3 6.55
12.3 6.55
0.0 0.0
10.0 5.7
12.3 6.66
12.6 6.79
12.8 6.9
12.6 6.82
12.7 6.89
12.7 6.87
12.7 6.87
12.7 6.87
0.0 0.0
10.5 6.19
13.0 7.14
13.3 7.15
13.4 7.21
13.5 7.26
13.5 7.27
13.4 7.23
13.4 7.23
13.4 7.23
0.186 9.03
11.4 7.13
14.5 7.7
14.7 7.61
14.9 7.76
14.9 7.77
14.9 7.79
14.8 7.81
14.8 7.71
14.8 7.71
0.368 17.4
13.0 8.63
16.8 8.65
17.3 8.68
17.3 8.83
17.5 8.91
17.5 8.89
17.5 8.9
17.5 8.9
17.5 8.9
0.604 27.1
16.4 10.2
20.9 10.6
21.3 10.6
21.4 10.9
21.4 10.9
21.5 10.9
21.5 11.0
21.5 11.0
21.5 11.0
0.952 39.4
21.8 13.7
27.4 14.1
28.0 14.0
28.3 14.7
28.1 14.6
28.1 14.6
28.3 14.6
28.3 14.6
28.3 14.6
0.0 0.0
0.0 0.0
0.0 0.0
0.0 0.0
0.0 0.0
0.0 0.0
0.0 0.0
0.0 0.0
0.0 0.0
0.0 0.0
0.0 0.0
11.5 6.27
12.1 6.29
12.1 6.3
12.2 6.34
12.2 6.36
12.1 6.31
12.1 6.34
12.0 6.29
12.0 6.31
0.455 9.05
11.6 6.35
12.1 6.38
12.2 6.43
12.2 6.46
12.2 6.42
12.2 6.42
12.2 6.4
12.1 6.4
12.1 6.39
0.393 7.67
11.8 6.49
12.2 6.5
12.3 6.58
12.3 6.56
12.3 6.53
12.3 6.55
12.3 6.57
12.4 6.58
12.3 6.57
0.519 10.1
12.2 6.73
12.7 6.82
12.7 6.84
12.7 6.84
12.8 6.89
12.8 6.9
12.7 6.84
12.7 6.84
12.7 6.84
0.69 13.3
12.8 7.18
13.5 7.24
13.4 7.24
13.5 7.24
13.5 7.23
13.4 7.23
13.4 7.23
13.4 7.23
13.5 7.23
0.93 17.6
14.0 7.97
14.9 7.73
15.0 7.9
14.9 7.71
14.9 7.77
15.0 7.83
15.0 7.83
15.0 7.83
15.0 7.83
1.27 23.4
16.1 9.38
17.3 8.79
17.3 8.85
17.5 8.93
17.4 8.85
17.4 8.85
17.4 8.85
17.4 8.85
17.4 8.85
1.78 31.4
19.6 11.8
21.5 10.9
21.4 10.9
21.3 10.8
21.6 11.0
21.6 11.0
21.6 11.0
21.6 11.0
21.6 11.0
2.55 42.0
25.1 15.8
28.1 14.6
28.2 14.5
28.2 14.6
28.1 14.6
28.2 14.6
28.2 14.6
28.2 14.6
28.2 14.6
0.0 0.0
0.0 0.0
0.0 0.0
0.0 0.0
0.0 0.0
0.0 0.0
0.0 0.0
0.0 0.0
0.0 0.0
0.0 0.0
0.0 0.0
11.7 5.89
12.0 6.29
12.1 6.34
12.1 6.34
12.1 6.32
12.1 6.3
12.1 6.34
12.1 6.34
12.1 6.34
2.67e-23 2.65e-07
11.8 6.01
12.1 6.39
12.2 6.43
12.1 6.42
12.1 6.42
12.2 6.43
12.1 6.41
12.2 6.42
12.2 6.42
8.7e-14 2.75e-07
12.0 6.18
12.2 6.5
12.3 6.58
12.3 6.56
12.3 6.53
12.3 6.54
12.3 6.53
12.3 6.58
12.3 6.58
2.61e-12 2.73e-07
12.3 6.48
12.7 6.85
12.7 6.85
12.7 6.87
12.8 6.89
12.8 6.89
12.6 6.81
12.6 6.81
12.6 6.81
0.31 9.46
13.0 7.02
13.4 7.2
13.4 7.24
13.4 7.25
13.4 7.21
13.5 7.28
13.5 7.28
13.5 7.28
13.5 7.28
0.51 15.3
14.2 7.85
14.9 7.74
14.8 7.71
14.9 7.77
15.0 7.84
15.0 7.84
14.9 7.76
15.0 7.83
15.0 7.83
0.762 22.3
16.3 9.3
17.3 8.78
17.4 8.91
17.5 8.93
17.4 8.85
17.4 8.85
17.4 8.85
17.4 8.85
17.4 8.85
1.11 31.1
19.8 11.7
21.5 10.9
21.4 10.9
21.3 10.8
21.5 11.0
21.5 11.0
21.5 11.0
21.5 11.0
21.5 11.0
1.64 42.7
25.6 15.6
28.1 14.4
28.2 14.5
28.2 14.6
28.1 14.6
28.1 14.6
28.1 14.6
28.2 14.6
28.2 14.6
0.0 0.0
0.0 0.0
0.0 0.0
0.0 0.0
0.0 0.0
0.0 0.0
0.0 0.0
0.0 0.0
0.0 0.0
0.0 0.0
0.0 0.0
11.1 6.41
12.0 6.3
12.0 6.29
12.1 6.34
12.1 6.32
12.1 6.33
12.1 6.32
12.1 6.34
12.1 6.34
1.14e-36 1.35e-07
11.2 6.6
12.0 6.4
12.1 6.4
12.2 6.44
12.1 6.36
12.1 6.42
12.1 6.41
12.1 6.39
12.1 6.39
1.95e-19 1.31e-07
11.4 6.79
12.2 6.53
12.2 6.53
12.3 6.57
12.3 6.54
12.3 6.54
12.2 6.53
12.3 6.59
12.3 6.59
2.5e-13 1.3e-07
11.7 7.11
12.7 6.85
12.7 6.85
12.7 6.88
12.8 6.89
12.8 6.9
12.6 6.82
12.6 6.82
12.6 6.82
3.05e-11 1.32e-07
12.3 7.74
13.4 7.26
13.4 7.25
13.4 7.25
13.5 7.25
13.4 7.23
13.4 7.23
13.4 7.23
13.4 7.23
0.237 11.5
13.4 8.57
14.8 7.69
15.0 7.91
14.9 7.78
14.9 7.84
14.9 7.84
15.0 7.84
14.9 7.76
14.9 7.76
0.433 20.3
15.8 9.73
17.3 8.78
17.3 8.85
17.5 8.94
17.4 8.86
17.4 8.86
17.4 8.85
17.4 8.85
17.4 8.85
0.682 30.4
19.3 11.9
21.5 10.9
21.4 10.9
21.4 10.8
21.5 11.0
21.5 11.0
21.5 11.0
21.5 11.0
21.5 11.0
1.05 43.0
25.4 16.0
28.1 14.4
28.1 14.5
28.2 14.6
28.1 14.6
28.1 14.6
28.2 14.6
28.1 14.6
28.1 14.6
0.0 0.0
0.0 0.0
0.0 0.0
0.0 0.0
0.0 0.0
0.0 0.0
0.0 0.0
0.0 0.0
0.0 0.0
0.0 0.0
0.0 0.0
0.0 0.0
11.7 2.39
13.5 2.62
14.2 2.68
14.6 2.67
14.8 2.75
14.6 2.72
14.7 2.68
14.7 2.69
0.045 0.814
2.35 1.71
11.7 2.38
13.7 2.54
14.2 2.6
14.6 2.69
14.7 2.73
14.8 2.79
14.7 2.75
14.9 2.8
0.0683 1.23
2.39 1.75
11.7 2.39
13.9 2.62
14.6 2.74
14.7 2.76
14.9 2.84
15.2 2.93
14.8 2.74
14.9 2.75
0.106 1.9
2.46 1.81
12.0 2.41
14.1 2.63
14.8 2.8
14.9 2.79
15.2 2.85
15.2 2.86
15.3 2.86
15.3 2.88
0.16 2.85
2.59 1.92
12.3 2.46
14.6 2.8
15.3 2.91
15.5 2.91
15.7 3.01
15.7 3.04
15.8 3.08
15.8 3.08
0.241 4.24
2.81 2.12
13.0 2.67
15.5 3.02
16.2 3.2
16.4 3.18
16.7 3.24
16.7 3.31
16.5 3.2
16.7 3.31
0.369 6.36
3.17 2.45
14.3 2.9
17.0 3.35
17.8 3.55
18.5 3.79
18.3 3.68
18.3 3.67
18.3 3.67
18.2 3.64
0.584 9.71
3.76 3.02
16.5 3.42
19.8 4.2
20.7 4.39
21.2 4.55
21.4 4.62
21.2 4.54
21.2 4.54
21.3 4.64
0.939 14.7
4.74 4.02
20.8 4.62
24.7 5.64
26.0 5.96
26.3 6.0
26.2 6.0
26.4 6.06
26.4 6.06
26.3 5.96
0.0 0.0
0.0 0.0
0.0 0.0
0.0 0.0
0.0 0.0
0.0 0.0
0.0 0.0
0.0 0.0
0.0 0.0
0.0 0.0
0.0 0.0
0.0 0.0
11.6 2.34
13.6 2.7
14.1 2.64
14.4 2.61
14.7 2.73
14.7 2.78
14.7 2.76
14.7 2.76
0.0 0.0
2.22 1.43
11.6 2.32
13.9 2.71
14.3 2.65
14.8 2.79
14.7 2.81
14.7 2.68
14.7 2.73
14.7 2.73
0.0 0.0
2.26 1.46
11.7 2.35
13.8 2.51
14.5 2.68
14.7 2.73
14.8 2.76
15.1 2.91
14.9 2.82
14.9 2.82
0.0 0.0
2.34 1.53
11.8 2.41
14.1 2.67
14.7 2.62
15.0 2.82
15.2 2.86
15.2 2.86
15.2 2.91
15.2 2.91
0.0189 0.535
2.48 1.63
12.3 2.51
14.6 2.8
15.2 2.81
15.4 2.92
15.7 3.02
15.7 3.04
15.7 3.04
15.7 3.04
0.087 2.43
2.71 1.81
13.1 2.71
15.3 2.99
16.2 3.06
16.4 3.18
16.7 3.25
16.7 3.31
16.5 3.2
16.5 3.2
0.174 4.75
3.08 2.12
14.2 2.86
17.0 3.36
17.6 3.43
18.6 3.8
18.3 3.69
18.3 3.67
18.3 3.68
18.3 3.68
0.309 8.16
3.69 2.63
16.7 3.54
19.6 4.13
20.6 4.24
21.2 4.55
21.4 4.63
21.3 4.56
21.3 4.57
21.3 4.57
0.533 13.3
4.66 3.53
20.7 4.62
24.5 5.53
25.7 5.63
26.2 5.97
26.4 6.07
26.5 6.13
26.4 6.07
26.4 6.07
0.0 0.0
0.0 0.0
0.0 0.0
0.0 0.0
0.0 0.0
0.0 0.0
0.0 0.0
0.0 0.0
0.0 0.0
0.0 0.0
0.0 0.0
0.0 0.0
11.5 2.27
13.4 2.69
14.2 2.63
14.4 2.61
14.6 2.72
14.6 2.73
14.7 2.7
14.7 2.7
0.0 0.0
2.01 1.08
11.5 2.3
13.6 2.51
14.3 2.64
14.5 2.64
14.8 2.82
15.1 2.88
14.7 2.73
14.7 2.73
0.0 0.0
2.07 1.12
11.7 2.39
13.9 2.62
14.6 2.68
14.7 2.75
14.8 2.8
15.2 2.93
14.9 2.75
14.9 2.75
0.0 0.0
2.18 1.18
11.8 2.4
14.1 2.63
14.8 2.67
15.0 2.77
15.2 2.86
15.2 2.89
15.2 2.86
15.2 2.86
0.0 0.0
2.35 1.29
12.3 2.49
14.5 2.68
15.2 2.8
15.5 2.92
15.7 3.02
15.7 3.0
15.7 3.04
15.7 3.04
0.0 0.0
2.61 1.45
12.9 2.67
15.4 2.97
16.1 2.93
16.4 3.18
16.5 3.18
16.7 3.31
16.7 3.31
16.7 3.31
0.065 2.79
3.01 1.72
14.2 2.89
17.1 3.37
17.7 3.38
18.2 3.67
18.2 3.67
18.2 3.63
18.3 3.68
18.3 3.68
0.15 6.19
3.64 2.16
16.7 3.44
19.7 4.08
20.7 4.14
21.0 4.48
21.2 4.56
21.4 4.58
21.2 4.55
21.2 4.55
0.288 11.1
4.63 2.92
20.7 4.64
24.5 5.4
25.7 5.42
26.0 5.94
26.4 6.06
26.5 6.14
26.2 6.01
26.2 6.01
0.0 0.0
0.0 0.0
0.0 0.0
0.0 0.0
0.0 0.0
0.0 0.0
0.0 0.0
0.0 0.0
0.0 0.0
0.0 0.0
0.0 0.0
7.87 5.94
0.0 0.0
14.8 2.78
14.8 2.73
14.8 2.71
14.9 2.78
14.9 2.73
14.9 2.78
14.8 2.77
0.305 5.5
7.92 5.99
14.4 2.64
14.8 2.76
14.8 2.73
14.9 2.75
14.9 2.78
14.9 2.77
14.9 2.77
14.9 2.76
0.357 6.43
8.02 6.07
14.7 2.78
15.0 2.82
15.0 2.82
15.1 2.82
15.1 2.83
15.0 2.78
15.3 2.83
15.0 2.73
0.436 7.81
8.18 6.21
14.8 2.79
15.2 2.87
15.5 2.94
15.5 2.96
15.3 2.89
15.4 2.93
15.3 2.91
15.3 2.9
0.555 9.87
8.47 6.48
15.4 2.89
15.7 2.97
16.0 3.11
15.8 3.04
15.8 3.04
15.8 2.98
15.8 3.0
15.8 3.0
0.728 12.7
9.0 6.95
16.2 3.2
16.6 3.24
16.9 3.33
16.9 3.4
16.8 3.29
16.8 3.34
16.8 3.34
16.9 3.33
0.987 16.9
9.92 7.81
18.0 3.61
18.6 3.73
18.5 3.77
18.5 3.75
18.6 3.74
18.4 3.72
18.4 3.72
18.4 3.72
1.37 22.5
11.5 9.35
20.7 4.42
21.5 4.67
21.4 4.63
21.5 4.6
21.5 4.68
21.6 4.65
21.6 4.66
21.5 4.61
1.97 30.3
14.2 12.1
25.8 5.93
26.5 6.1
26.7 6.09
26.7 6.17
26.9 6.23
26.8 6.12
26.9 6.13
26.9 6.13
0.0 0.0
0.0 0.0
0.0 0.0
0.0 0.0
0.0 0.0
0.0 0.0
0.0 0.0
0.0 0.0
0.0 0.0
0.0 0.0
0.0 0.0
0.0 0.0
0.0 0.0
14.7 2.75
14.7 2.73
14.8 2.71
14.8 2.77
14.8 2.71
14.9 2.79
14.9 2.79
0.0 0.0
8.14 5.44
14.4 2.66
14.8 2.8
14.8 2.78
14.9 2.76
14.8 2.72
14.9 2.8
14.9 2.71
14.9 2.71
0.0 0.0
8.23 5.52
14.7 2.8
15.0 2.83
15.0 2.82
15.0 2.8
14.9 2.75
15.3 2.88
14.9 2.72
14.9 2.72
0.0 0.0
8.4 5.65
14.9 2.77
15.2 2.85
6.15 23.9
15.5 2.96
15.3 2.89
15.4 2.93
15.3 2.92
15.3 2.92
0.163 4.61
8.71 5.89
15.3 2.89
15.5 2.9
8.21 19.9
15.8 3.05
15.8 3.04
15.7 2.96
15.9 2.99
15.9 2.99
0.337 9.38
9.25 6.33
16.3 3.22
16.7 3.23
16.8 3.33
17.0 3.42
16.8 3.3
16.9 3.4
16.8 3.34
16.8 3.34
0.54 14.7
10.2 7.12
18.0 3.62
18.2 3.64
18.5 3.77
18.5 3.75
18.5 3.76
18.6 3.77
18.5 3.73
18.5 3.73
0.818 21.3
11.9 8.55
20.7 4.45
21.2 4.53
21.4 4.63
21.5 4.6
21.6 4.68
21.6 4.66
21.6 4.66
21.6 4.66
1.23 30.0
14.7 11.1
25.8 5.95
26.4 6.02
26.8 6.1
26.6 6.14
26.9 6.23
26.9 6.13
26.9 6.13
26.9 6.13
0.0 0.0
0.0 0.0
0.0 0.0
0.0 0.0
0.0 0.0
0.0 0.0
0.0 0.0
0.0 0.0
0.0 0.0
0.0 0.0
0.0 0.0
0.0 0.0
0.0 0.0
14.8 2.81
14.8 2.79
14.8 2.77
14.8 2.7
14.8 2.71
14.9 2.79
14.9 2.79
0.0 0.0
8.53 4.74
14.4 2.68
14.6 2.65
14.8 2.71
15.0 2.77
14.8 2.72
14.9 2.75
14.9 2.76
14.9 2.76
0.0 0.0
8.63 4.8
14.5 2.73
14.9 2.75
14.9 2.78
15.0 2.8
15.1 2.81
15.3 2.9
14.9 2.72
14.9 2.72
0.0 0.0
8.8 4.92
15.0 2.88
15.2 2.78
15.4 2.87
15.5 2.96
15.2 2.86
15.3 2.85
15.3 2.92
15.3 2.92
0.0 0.0
9.13 5.14
15.2 2.88
15.7 2.89
15.8 2.98
15.8 3.06
15.8 3.05
15.8 2.98
15.8 2.98
15.8 2.98
0.0 0.0
9.7 5.52
16.3 3.23
16.7 3.21
16.8 3.32
17.0 3.43
16.8 3.29
16.8 3.29
16.9 3.4
16.9 3.4
0.261 11.1
10.7 6.23
17.8 3.6
18.2 3.54
18.6 3.78
18.4 3.69
18.5 3.76
18.4 3.76
18.6 3.76
18.6 3.76
0.471 19.1
12.5 7.49
20.6 4.43
21.5 4.56
21.3 4.57
21.5 4.6
21.5 4.68
21.6 4.66
21.6 4.66
21.6 4.66
0.766 28.9
15.5 9.72
25.8 5.97
26.7 5.97
26.8 6.11
26.6 6.14
26.9 6.23
26.8 6.13
26.9 6.13
26.9 6.13
0.0 0.0
0.0 0.0
0.0 0.0
0.0 0.0
0.0 0.0
0.0 0.0
0.0 0.0
0.0 0.0
0.0 0.0
0.0 0.0
0.0 0.0
0.0 0.0
14.8 2.78
14.8 2.73
14.8 2.73
14.8 2.73
14.8 2.8
14.8 2.68
14.8 2.69
14.9 2.76
0.406 7.69
9.82 7.41
14.8 2.74
15.0 2.74
15.2 2.88
14.9 2.76
14.8 2.73
15.0 2.83
15.2 2.87
15.0 2.83
0.413 7.36
9.93 7.51
15.0 2.76
15.1 2.81
15.1 2.83
15.0 2.79
15.0 2.76
15.3 2.94
15.1 2.85
15.2 2.88
0.698 12.6
10.1 7.69
15.4 2.93
15.4 2.88
15.3 2.87
15.4 2.93
15.3 2.87
15.5 2.99
15.4 2.92
15.4 2.91
0.649 11.5
10.5 8.02
15.8 3.08
16.0 3.08
15.9 3.07
16.1 3.09
16.0 3.04
16.0 3.02
16.0 3.02
16.0 3.02
0.83 14.5
11.2 8.6
16.8 3.32
17.0 3.33
16.7 3.23
16.9 3.29
16.9 3.31
17.0 3.35
16.9 3.35
16.9 3.35
1.1 18.7
12.3 9.64
18.6 3.75
18.6 3.77
18.5 3.76
19.0 3.88
18.5 3.73
18.5 3.73
18.5 3.73
18.5 3.73
1.5 24.5
14.2 11.5
21.5 4.65
21.5 4.66
21.4 4.62
21.5 4.6
21.6 4.69
21.5 4.63
21.5 4.63
21.5 4.63
2.11 32.4
17.4 14.7
26.6 6.13
26.8 6.12
26.8 6.17
26.9 6.18
26.9 6.19
27.0 6.19
27.0 6.19
27.0 6.19
0.0 0.0
0.0 0.0
0.0 0.0
0.0 0.0
0.0 0.0
0.0 0.0
0.0 0.0
0.0 0.0
0.0 0.0
0.0 0.0
0.0 0.0
0.0 0.0
14.8 2.74
14.7 2.68
14.9 2.75
14.9 2.77
14.8 2.68
14.7 2.72
14.9 2.79
14.9 2.79
5.22e-53 1.62e-07
10.2 6.84
14.8 2.79
14.8 2.76
14.8 2.76
14.8 2.77
14.9 2.71
14.9 2.77
14.9 2.77
14.9 2.77
3.17e-19 1.65e-07
10.4 6.93
15.0 2.78
15.3 2.88
15.1 2.81
15.1 2.81
15.0 2.78
15.0 2.77
15.0 2.76
15.0 2.76
1.14e-17 1.62e-07
10.6 7.1
15.3 2.97
15.4 2.97
15.5 2.99
15.4 2.93
15.3 2.87
15.4 2.91
15.4 2.91
15.4 2.91
0.212 5.93
11.0 7.4
15.8 3.06
16.0 3.08
15.9 3.04
16.1 3.09
15.8 2.99
15.8 3.02
15.9 3.02
15.9 3.02
0.409 11.3
11.6 7.94
16.8 3.34
17.0 3.33
16.7 3.23
17.0 3.37
16.8 3.24
16.8 3.26
16.9 3.26
16.9 3.26
0.621 16.8
12.8 8.92
18.5 3.77
18.6 3.77
18.4 3.7
18.7 3.8
18.5 3.73
19.0 3.85
18.5 3.73
18.5 3.73
0.911 23.7
14.9 10.6
21.5 4.66
21.5 4.66
21.4 4.62
21.5 4.61
21.6 4.68
21.5 4.63
21.5 4.62
21.5 4.62
1.34 32.6
18.2 13.7
26.7 6.19
26.5 6.06
26.8 6.18
26.9 6.19
27.0 6.19
27.0 6.19
27.0 6.19
27.0 6.19
0.0 0.0
0.0 0.0
0.0 0.0
0.0 0.0
0.0 0.0
0.0 0.0
0.0 0.0
0.0 0.0
0.0 0.0
0.0 0.0
0.0 0.0
0.0 0.0
14.7 2.77
14.7 2.71
14.8 2.68
14.9 2.76
15.0 2.8
15.1 2.84
14.9 2.79
14.9 2.79
1.59e-81 7.26e-08
11.0 6.07
15.3 2.92
15.0 2.8
14.9 2.77
14.9 2.79
14.8 2.73
15.0 2.84
14.8 2.77
14.8 2.77
2.7e-28 7.39e-08
11.1 6.15
15.0 2.78
15.3 2.89
15.0 2.79
14.9 2.73
15.0 2.82
15.1 2.87
15.0 2.77
15.0 2.77
2.5e-18 7.61e-08
11.3 6.3
15.2 2.88
15.4 2.98
15.5 2.99
15.4 2.85
15.4 2.88
15.3 2.93
15.3 2.93
15.3 2.93
3.24e-15 6.94e-08
11.7 6.57
15.8 3.07
16.0 3.09
15.8 3.05
15.9 3.06
15.8 3.0
15.8 3.02
15.8 3.02
15.8 3.02
0.0809 3.47
12.4 7.06
16.7 3.28
16.9 3.31
16.7 3.23
17.0 3.37
16.8 3.29
17.0 3.38
16.7 3.3
16.7 3.3
0.322 13.7
13.7 7.93
18.7 3.81
18.7 3.78
18.5 3.7
18.5 3.69
18.5 3.73
18.6 3.77
18.6 3.77
18.6 3.77
0.546 22.1
15.9 9.48
21.5 4.68
21.5 4.62
21.5 4.65
21.4 4.59
21.6 4.7
21.5 4.63
21.5 4.63
21.5 4.63
0.859 32.2
19.6 12.2
26.7 6.21
26.5 6.06
26.9 6.23
26.7 6.13
26.9 6.16
27.0 6.2
27.0 6.2
27.0 6.2
0.39 5.8
0.0 0.0
11.5 2.07
12.9 2.12
13.3 2.2
13.5 2.16
13.5 2.2
13.6 2.27
13.6 2.24
13.6 2.26
0.393 5.84
0.0 0.0
11.5 2.06
13.0 2.09
13.4 2.19
13.5 2.23
13.6 2.21
13.6 2.25
13.6 2.26
13.6 2.24
0.399 5.92
3.43 2.91
11.6 2.06
13.0 2.18
13.4 2.21
13.5 2.2
13.7 2.17
13.7 2.22
13.7 2.25
13.7 2.25
0.409 6.06
3.44 2.93
11.6 2.06
13.1 2.22
13.5 2.1
13.7 2.24
13.7 2.23
13.8 2.27
13.8 2.33
13.8 2.32
0.428 6.32
3.48 2.97
11.7 2.08
13.3 2.17
13.7 2.25
13.8 2.25
13.9 2.32
14.0 2.44
14.0 2.34
14.0 2.32
0.462 6.77
3.53 3.05
12.0 2.05
13.6 2.13
14.0 2.37
14.2 2.38
14.2 2.37
14.3 2.4
14.3 2.51
14.3 2.34
0.522 7.57
3.65 3.18
12.5 2.21
14.1 2.44
14.6 2.51
14.8 2.53
14.9 2.57
14.9 2.57
14.9 2.6
14.9 2.61
0.625 8.9
3.85 3.42
13.4 2.38
15.2 2.59
15.7 2.67
15.8 2.87
15.9 2.86
15.9 2.95
16.0 2.86
16.0 2.84
0.805 11.1
4.23 3.86
15.0 2.72
17.0 3.11
17.6 3.21
17.8 3.3
17.9 3.18
17.9 3.28
18.0 3.44
17.9 3.28
1.13 14.7
4.9 4.66
17.8 3.35
20.4 3.85
21.1 4.03
21.3 4.15
21.4 4.03
21.5 4.16
21.6 4.19
21.5 4.25
4.92e-76 4.79e-10
0.0 0.0
11.5 2.09
12.9 2.15
13.3 2.12
13.5 2.16
13.5 2.19
13.6 2.27
13.6 2.24
13.6 2.24
1.49e-47 9.14e-10
0.0 0.0
11.4 2.1
13.0 2.08
13.4 2.17
13.5 2.26
13.6 2.26
13.6 2.38
13.6 2.26
13.6 2.26
5.11e-34 2.08e-09
3.43 2.63
11.4 2.11
13.0 2.07
13.4 2.17
13.5 2.22
13.6 2.29
13.7 2.22
13.7 2.25
13.7 2.25
1.01e-25 1.31e-08
3.44 2.66
11.6 2.11
13.1 2.22
13.5 2.22
13.6 2.15
13.8 2.23
13.8 2.27
13.8 2.33
13.8 2.33
1.06e-23 4.99e-08
3.47 2.69
11.8 2.07
13.3 2.17
13.7 2.18
13.9 2.23
13.9 2.32
13.9 2.29
14.0 2.3
14.0 2.3
0.19 4.5
3.53 2.76
12.0 2.13
13.6 2.24
14.0 2.23
3.3e-23 11.3
14.2 2.37
14.3 2.37
14.4 2.48
14.4 2.48
0.237 5.56
3.64 2.88
12.6 2.09
14.1 2.44
14.6 2.33
12.3 6.97
14.9 2.52
14.9 2.59
14.9 2.56
14.9 2.56
0.311 7.17
3.84 3.1
13.4 2.3
15.2 2.56
15.7 2.66
15.8 2.85
15.9 2.87
16.0 2.8
15.9 2.82
15.9 2.82
0.435 9.7
4.21 3.49
14.9 2.76
17.0 3.06
17.6 3.07
17.8 3.25
17.9 3.32
17.9 3.26
17.9 3.31
17.9 3.31
0.645 13.6
4.86 4.22
17.8 3.37
20.4 3.93
21.1 3.82
21.3 4.15
21.4 4.23
21.5 4.09
21.5 4.28
21.5 4.28
0.0 1.03e-10
0.0 0.0
11.4 2.07
12.9 2.05
13.3 2.09
13.4 2.17
13.6 2.2
13.6 2.28
13.6 2.24
13.6 2.24
0.0 1.33e-10
0.0 0.0
11.4 2.1
13.0 2.13
13.4 2.18
13.5 2.19
13.6 2.26
13.6 2.25
13.6 2.26
13.6 2.26
3.26e-67 1.69e-10
3.5 2.27
11.4 2.11
13.0 2.08
13.4 2.17
13.5 2.1
13.6 2.27
13.7 2.22
13.7 2.25
13.7 2.25
3.55e-44 2.76e-10
3.5 2.29
11.6 2.07
13.1 2.22
13.5 2.13
13.7 2.13
13.7 2.23
13.8 2.27
13.7 2.32
13.7 2.32
6.9e-29 2.43e-10
3.54 2.32
11.8 2.1
13.3 2.17
13.7 2.18
13.9 2.12
13.9 2.32
13.9 2.27
14.0 2.28
14.0 2.28
0.0 0.0
3.6 2.38
12.0 2.08
13.6 2.11
14.0 2.23
14.2 2.23
14.3 2.4
14.3 2.38
14.3 2.49
14.3 2.49
1.92e-19 4.45e-09
3.71 2.48
12.5 2.1
14.1 2.28
14.6 2.28
0.00296 22.8
14.8 2.52
14.9 2.58
14.9 2.61
14.9 2.61
0.123 4.39
3.91 2.67
13.4 2.36
15.2 2.53
15.7 2.54
15.8 2.8
15.9 2.88
15.9 2.7
16.0 2.71
16.0 2.71
0.212 7.35
4.27 3.0
14.9 2.59
17.0 2.89
17.6 2.96
17.8 3.25
17.9 3.25
17.9 3.29
18.0 3.27
18.0 3.27
0.355 11.5
4.93 3.62
17.8 3.35
20.4 3.72
21.1 3.73
21.3 4.15
21.4 4.23
21.5 4.12
21.5 4.11
21.5 4.11
0.717 10.7
7.07 6.36
13.4 2.28
13.6 2.26
13.7 2.35
13.7 2.23
13.7 2.28
13.7 2.26
13.7 2.31
13.7 2.3
0.722 10.7
7.08 6.37
13.4 2.38
13.6 2.28
13.7 2.29
13.7 2.25
13.7 2.24
13.7 2.28
13.8 2.25
13.7 2.38
0.731 10.9
7.11 6.41
13.5 2.32
13.7 2.23
13.8 2.25
13.8 2.24
13.8 2.35
13.8 2.22
13.8 2.23
13.8 2.23
0.748 11.1
7.16 6.46
13.6 2.31
13.8 2.29
13.9 2.3
13.9 2.32
13.9 2.36
13.9 2.33
13.9 2.29
13.9 2.36
0.778 11.5
7.26 6.56
13.8 2.3
14.0 2.3
14.0 2.4
14.1 2.32
14.1 2.34
14.1 2.32
14.1 2.28
14.1 2.33
0.832 12.2
7.43 6.75
14.1 2.44
14.3 2.37
14.3 2.4
14.4 2.47
14.4 2.44
14.4 2.44
14.4 2.41
14.4 2.47
0.926 13.4
7.74 7.08
14.7 2.57
14.9 2.56
15.0 2.6
15.0 2.6
15.0 2.58
15.0 2.54
15.0 2.54
15.0 2.54
1.09 15.5
8.3 7.69
15.7 2.88
16.0 2.82
16.1 2.87
16.1 2.83
16.1 2.85
16.1 2.86
16.1 2.86
16.1 2.87
1.38 18.8
9.3 8.82
17.6 3.23
18.0 3.27
18.0 3.4
18.1 3.32
18.1 3.37
18.1 3.41
18.1 3.41
18.1 3.45
1.86 23.9
11.1 10.9
21.1 4.14
21.5 4.13
21.6 4.12
21.6 4.16
21.7 4.19
21.7 4.22
21.7 4.22
21.7 4.22
8.45e-67 7.65e-10
7.3 5.9
13.3 2.26
13.6 2.28
13.6 2.35
13.7 2.28
13.7 2.25
13.7 2.27
13.7 2.33
13.7 2.33
2.77e-40 1.39e-09
7.32 5.91
13.4 2.36
13.6 2.28
13.7 2.29
13.7 2.25
13.7 2.27
13.7 2.38
13.7 2.27
13.7 2.27
4.66e-29 3.31e-09
7.35 5.94
13.4 2.36
13.7 2.22
13.8 2.25
13.8 2.27
13.8 2.35
13.8 2.22
13.8 2.23
13.8 2.23
5.53e-27 1.26e-08
7.4 6.0
13.6 2.29
13.8 2.29
13.9 2.26
13.9 2.3
13.9 2.24
13.9 2.31
13.9 2.27
13.9 2.27
2.93e-29 2.42e-08
7.5 6.09
13.7 2.3
14.0 2.35
14.0 2.33
14.0 2.4
14.1 2.32
14.1 2.33
14.1 2.33
14.1 2.33
0.414 9.83
7.67 6.26
14.0 2.43
14.3 2.26
14.4 2.42
14.4 2.37
14.4 2.46
14.4 2.44
14.4 2.47
14.4 2.47
0.487 11.4
7.99 6.57
14.6 2.55
14.9 2.47
8.45e-32 12.7
15.0 2.6
15.0 2.58
15.0 2.54
14.9 2.67
14.9 2.67
0.609 14.0
8.56 7.15
15.7 2.84
16.0 2.73
1.38e-16 17.5
16.1 2.82
16.1 2.83
16.1 2.88
16.1 2.9
16.1 2.9
0.81 18.0
9.59 8.2
17.6 3.24
18.0 3.23
0.0109 28.8
18.1 3.35
18.1 3.36
18.1 3.43
18.1 3.43
18.1 3.43
1.14 23.9
11.4 10.1
21.1 4.15
21.5 4.05
21.6 4.24
21.6 4.16
21.6 4.15
21.7 4.22
21.6 4.19
21.6 4.19
0.0 1.38e-10
7.74 5.25
13.4 2.32
13.6 2.24
13.6 2.28
13.7 2.29
13.7 2.27
13.7 2.27
13.7 2.31
13.7 2.31
2.48e-94 1.76e-10
7.75 5.27
13.4 2.34
13.6 2.25
13.7 2.27
13.7 2.25
13.7 2.27
13.7 2.24
13.7 2.26
13.7 2.26
2.26e-56 2.29e-10
7.78 5.29
13.5 2.31
13.7 2.23
13.7 2.26
13.8 2.25
13.8 2.18
13.8 2.22
13.8 2.23
13.8 2.23
1.6e-34 3.41e-10
7.84 5.34
13.5 2.32
13.8 2.21
13.8 2.24
13.9 2.25
13.9 2.27
13.9 2.33
13.9 2.19
13.9 2.19
1.66e-25 7.98e-10
7.94 5.42
13.7 2.29
14.0 2.18
14.0 2.18
14.1 2.32
14.1 2.38
14.1 2.33
14.1 2.33
14.1 2.33
3.02e-22 2.35e-09
8.13 5.57
14.1 2.43
14.3 2.36
14.4 2.47
14.4 2.35
14.4 2.43
14.4 2.44
14.4 2.44
14.4 2.44
6.98e-24 3.12e-09
8.46 5.85
14.6 2.62
14.9 2.43
15.0 2.5
15.0 2.63
15.0 2.58
15.0 2.75
15.0 2.54
15.0 2.54
0.311 11.1
9.07 6.36
15.7 2.85
16.0 2.66
1.91e-13 18.8
16.1 2.89
16.1 2.86
16.1 2.86
16.2 2.8
16.2 2.8
0.469 16.1
10.2 7.31
17.6 3.28
18.0 3.05
7.78 24.6
18.1 3.24
18.1 3.34
18.1 3.41
18.1 3.41
18.1 3.41
0.717 22.9
12.1 9.06
21.1 4.06
21.5 3.87
21.6 4.11
21.6 4.17
21.6 4.19
21.6 4.2
21.6 4.2
21.6 4.2
0.762 11.3
7.84 7.05
13.7 2.28
13.7 2.26
13.7 2.26
13.7 2.29
13.7 2.22
13.7 2.33
13.7 2.22
13.7 2.22
0.767 11.4
8.77 7.99
13.6 2.34
13.7 2.25
13.8 2.32
13.7 2.3
13.7 2.31
13.8 2.23
13.7 2.34
13.8 2.23
0.777 11.5
7.67 6.88
13.7 2.31
13.8 2.3
13.8 2.33
13.8 2.3
13.8 2.3
13.8 2.24
13.8 2.24
13.8 2.24
0.795 11.8
8.19 7.43
13.8 2.33
13.9 2.28
13.9 2.31
13.9 2.29
13.9 2.33
13.9 2.28
13.9 2.28
13.9 2.28
0.826 12.2
8.3 7.55
14.0 2.38
14.1 2.37
14.1 2.41
14.1 2.33
14.1 2.34
14.1 2.32
14.1 2.32
14.1 2.32
0.882 12.9
8.49 7.75
14.4 2.52
14.4 2.4
14.4 2.49
14.4 2.4
14.4 2.46
14.4 2.42
14.4 2.42
14.4 2.42
0.981 14.2
8.2 7.5
15.0 2.65
15.0 2.48
15.1 2.68
15.0 2.68
15.0 2.54
15.0 2.65
15.0 2.65
15.0 2.65
1.15 16.3
9.53 8.88
16.1 2.96
16.1 2.85
16.1 2.88
16.1 2.9
16.1 2.86
16.1 2.88
16.1 2.98
16.1 2.86
1.45 19.7
10.6 10.1
18.1 3.36
18.1 3.43
18.1 3.38
18.1 3.37
18.1 3.38
18.1 3.39
18.1 3.35
18.1 3.38
1.94 25.0
12.7 12.5
21.6 4.19
21.7 4.21
21.7 4.17
21.7 4.25
21.7 4.34
21.7 4.26
21.7 4.15
21.7 4.15
2.11e-56 9.02e-10
8.12 6.56
13.7 2.42
13.7 2.26
13.7 2.28
13.7 2.29
13.7 2.21
13.7 2.21
13.7 2.33
13.7 2.33
9.65e-37 1.62e-09
8.44 6.83
13.7 2.29
13.7 2.25
13.8 2.32
13.7 2.31
13.7 2.28
13.8 2.23
13.8 2.33
13.8 2.33
7.31e-29 3.48e-09
8.76 7.14
13.7 2.34
13.8 2.31
13.8 2.36
13.8 2.3
13.8 2.36
13.8 2.35
13.8 2.24
13.8 2.24
2.3e-27 1.84e-08
8.54 6.95
13.8 2.35
13.9 2.3
13.9 2.32
13.9 2.3
13.9 2.38
13.9 2.28
13.9 2.28
13.9 2.28
8.4e-30 2.24e-08
8.66 7.06
14.0 2.42
14.1 2.3
14.1 2.41
14.1 2.35
14.1 2.27
14.1 2.32
14.1 2.32
14.1 2.32
0.449 10.7
8.87 7.27
14.4 2.53
14.4 2.43
14.5 2.49
14.4 2.39
14.4 2.37
14.4 2.42
14.4 2.42
14.4 2.42
0.526 12.3
9.26 7.65
15.0 2.64
15.0 2.73
15.0 2.51
15.0 2.68
15.0 2.57
15.0 2.65
15.0 2.65
15.0 2.65
0.653 15.0
9.8 8.2
16.1 2.97
16.1 2.85
16.1 2.84
16.1 2.78
16.1 2.85
16.1 2.89
16.1 2.78
16.1 2.78
0.862 19.1
11.2 9.58
18.0 3.32
18.1 3.43
18.1 3.33
18.1 3.37
18.1 3.38
18.1 3.33
18.1 3.36
18.1 3.36
1.21 25.2
12.6 11.7
21.6 4.3
21.7 4.19
21.7 4.17
21.6 4.25
21.7 4.32
21.7 4.27
21.7 4.15
21.7 4.15
0.0 1.44e-10
9.16 6.25
13.6 2.26
13.7 2.21
13.7 2.22
13.7 2.28
13.7 2.21
13.7 2.21
13.7 2.21
13.7 2.21
0.0 1.81e-10
9.26 6.32
13.7 2.45
13.8 2.24
13.7 2.32
13.7 2.26
13.8 2.33
13.7 2.34
13.7 2.3
13.7 2.3
0.0 2.39e-10
9.08 6.19
13.8 2.35
13.8 2.25
13.8 2.36
13.8 2.3
13.8 2.3
13.8 2.24
13.8 2.24
13.8 2.24
3.97e-34 3.62e-10
9.61 6.59
13.8 2.36
13.9 2.28
13.9 2.32
13.9 2.23
13.9 2.33
13.9 2.28
13.9 2.28
13.9 2.28
4.85e-25 8.94e-10
10.8 7.52
14.0 2.36
14.1 2.38
14.1 2.41
14.1 2.35
14.1 2.39
14.1 2.32
14.1 2.32
14.1 2.32
2.09e-22 2.44e-09
8.64 5.61
14.3 2.51
14.4 2.33
14.4 2.51
14.5 2.41
14.4 2.46
14.4 2.42
14.4 2.42
14.4 2.42
1.42e-24 3.56e-09
9.93 6.88
14.9 2.66
15.0 2.47
15.0 2.51
15.0 2.69
15.0 2.57
15.0 2.65
15.0 2.65
15.0 2.65
0.345 12.3
10.7 7.51
16.0 2.83
16.1 2.81
16.1 2.84
16.1 2.78
16.1 2.87
16.1 2.75
16.1 2.99
16.1 2.99
0.511 17.5
12.3 8.87
18.0 3.33
18.1 3.32
18.1 3.34
18.1 3.36
18.1 3.24
18.1 3.35
18.1 3.36
18.1 3.36
0.771 24.6
8.85 6.02
21.6 4.28
21.7 4.18
21.6 4.18
21.7 4.25
21.7 4.29
21.7 4.28
21.7 4.15
21.7 4.15
