 #### Linear Response Surface #### 
OutName:                 TDS(m^3)         As(m^3)         Pb(m^3)         Cd(m^3)         Ba(m^3)        Ben(m^3)       Naph(m^3)       Phen(m^3)
Constant:        -0.11868011E+08 -0.35327741E+05 -0.35608329E+05 -0.32826470E+04 -0.14020961E+06 -0.45170375E+05  0.00000000E+00  0.00000000E+00
Paramet:  1       0.60568126E+05 -0.11368363E+03 -0.11450017E+03 -0.17268563E+02  0.22363831E+03 -0.13944924E+03  0.00000000E+00  0.00000000E+00
Paramet:  2       0.19380644E+10  0.80178580E+06  0.81933226E+06 -0.28218572E+06  0.69109296E+07  0.25384401E+07  0.00000000E+00  0.00000000E+00
Paramet:  3       0.25052242E+06 -0.41446756E+04 -0.41739656E+04 -0.50517805E+03 -0.55053796E+04 -0.49750694E+04  0.00000000E+00  0.00000000E+00
Paramet:  4       0.17514985E+07  0.27183956E+04  0.27494478E+04  0.30607037E+03  0.27399894E+05  0.53764262E+04  0.00000000E+00  0.00000000E+00
Paramet:  5      -0.61910503E+06  0.32483820E+03  0.32202686E+03  0.18954050E+03 -0.15484774E+04  0.30240441E+01  0.00000000E+00  0.00000000E+00
Paramet:  6       0.54517546E+06  0.63420562E+04  0.63955633E+04  0.76968994E+03  0.23424653E+05  0.10304346E+05  0.00000000E+00  0.00000000E+00
R-square:             0.2054E+00      0.7573E+00      0.7574E+00      0.5238E+00      0.6402E+00      0.7566E+00      0.0000E+00      0.0000E+00
      
 #### Quadratic Response Surface ####
OutName:          TDS(m^3)        As(m^3)         Pb(m^3)         Cd(m^3)         Ba(m^3)         Ben(m^3)        Naph(m^3)       Phen(m^3)      
Constant:        -0.23257013E+09  0.15211363E+07  0.15616687E+07  0.32358739E+06  0.10256949E+08  0.31972198E+07  0.00000000E+00  0.00000000E+00
Paramet:  1       0.12702827E+07 -0.10716183E+05 -0.11030756E+05 -0.29921923E+04 -0.69076125E+05 -0.21564411E+05  0.00000000E+00  0.00000000E+00
Paramet:  2       0.39448419E+10  0.20774434E+08  0.24920872E+08  0.21982308E+08  0.36339775E+09  0.15896132E+08  0.00000000E+00  0.00000000E+00
Paramet:  3      -0.23134365E+08  0.12123520E+06  0.12431236E+06  0.17844060E+05  0.87225308E+06  0.26550971E+06  0.00000000E+00  0.00000000E+00
Paramet:  4      -0.42330781E+07 -0.28269575E+05 -0.28464043E+05 -0.30293869E+04 -0.16994388E+06 -0.51107051E+05  0.00000000E+00  0.00000000E+00
Paramet:  5      -0.19367057E+07  0.19783497E+05  0.20227192E+05 -0.13149511E+04  0.14162377E+06  0.53050481E+05  0.00000000E+00  0.00000000E+00
Paramet:  6       0.73231082E+05 -0.48132424E+04 -0.49315918E+04  0.81643181E+03  0.39181766E+05 -0.19007329E+04  0.00000000E+00  0.00000000E+00
Param:   1  1    -0.18836592E+03 -0.79078741E+00 -0.79336092E+00 -0.11910659E+00 -0.38444982E+01 -0.14617776E+01  0.00000000E+00  0.00000000E+00
Param:   1  2     0.81852170E+07 -0.86928631E+04 -0.89786653E+04 -0.80969380E+02 -0.69631628E+05 -0.16553210E+05  0.00000000E+00  0.00000000E+00
Param:   1  3     0.10426175E+06 -0.93715559E+03 -0.96365433E+03 -0.25591432E+03 -0.59432627E+04 -0.18822259E+04  0.00000000E+00  0.00000000E+00
Param:   1  4     0.27381831E+05  0.64230120E+02  0.64624252E+02  0.54466064E+01  0.55708248E+03  0.11905268E+03  0.00000000E+00  0.00000000E+00
Param:   1  5    -0.18013306E+04 -0.80347939E+00 -0.86086486E+00 -0.27931469E+00 -0.26052705E+02 -0.35298842E+01  0.00000000E+00  0.00000000E+00
Param:   1  6     0.22457336E+03 -0.16985279E+02 -0.17043761E+02 -0.22421461E+01 -0.53359068E+02 -0.30373512E+02  0.00000000E+00  0.00000000E+00
Param:   2  1     0.00000000E+00  0.00000000E+00  0.00000000E+00  0.00000000E+00  0.00000000E+00  0.00000000E+00  0.00000000E+00  0.00000000E+00
Param:   2  2    -0.15991723E+11  0.36678541E+09  0.37350487E+09  0.12521180E+09  0.60530633E+09  0.57322832E+09  0.00000000E+00  0.00000000E+00
Param:   2  3     0.42063681E+09  0.21457275E+07  0.24931034E+07  0.20387738E+07  0.28777648E+08  0.18641523E+07  0.00000000E+00  0.00000000E+00
Param:   2  4     0.33414267E+09  0.34267405E+06  0.34947181E+06  0.99570376E+05 -0.29987870E+07  0.22683631E+06  0.00000000E+00  0.00000000E+00
Param:   2  5    -0.73072516E+08  0.55112450E+05  0.56833378E+05 -0.62189979E+04  0.76225401E+06  0.14361830E+06  0.00000000E+00  0.00000000E+00
Param:   2  6     0.14152508E+09 -0.28803582E+06 -0.29228821E+06 -0.73007398E+05 -0.90687439E+06 -0.37987242E+06  0.00000000E+00  0.00000000E+00
Param:   3  1     0.00000000E+00  0.00000000E+00  0.00000000E+00  0.00000000E+00  0.00000000E+00  0.00000000E+00  0.00000000E+00  0.00000000E+00
Param:   3  2     0.00000000E+00  0.00000000E+00  0.00000000E+00  0.00000000E+00  0.00000000E+00  0.00000000E+00  0.00000000E+00  0.00000000E+00
Param:   3  3    -0.30446521E+06 -0.85885923E+03 -0.88638852E+03 -0.80856662E+03 -0.32820337E+03 -0.87058139E+03  0.00000000E+00  0.00000000E+00
Param:   3  4    -0.12759020E+05 -0.13386632E+04 -0.13484105E+04 -0.13843375E+03 -0.59584481E+04 -0.24702080E+04  0.00000000E+00  0.00000000E+00
Param:   3  5    -0.11076589E+06  0.17150742E+04  0.17521606E+04 -0.12296785E+03  0.12512931E+05  0.45862392E+04  0.00000000E+00  0.00000000E+00
Param:   3  6    -0.66526227E+05 -0.13214861E+04 -0.13360763E+04 -0.85480823E+02 -0.13669461E+03 -0.17379038E+04  0.00000000E+00  0.00000000E+00
Param:   4  1     0.00000000E+00  0.00000000E+00  0.00000000E+00  0.00000000E+00  0.00000000E+00  0.00000000E+00  0.00000000E+00  0.00000000E+00
Param:   4  2     0.00000000E+00  0.00000000E+00  0.00000000E+00  0.00000000E+00  0.00000000E+00  0.00000000E+00  0.00000000E+00  0.00000000E+00
Param:   4  3     0.00000000E+00  0.00000000E+00  0.00000000E+00  0.00000000E+00  0.00000000E+00  0.00000000E+00  0.00000000E+00  0.00000000E+00
Param:   4  4    -0.44961228E+05  0.66329558E+03  0.66568023E+03  0.95541326E+02  0.51711975E+04  0.95873722E+03  0.00000000E+00  0.00000000E+00
Param:   4  5    -0.10669160E+06  0.44024050E+03  0.44312269E+03  0.10944475E+03  0.21542957E+03  0.62140108E+03  0.00000000E+00  0.00000000E+00
Param:   4  6     0.77923089E+04 -0.20068290E+03 -0.19924957E+03 -0.37309783E+02  0.98032814E+03 -0.16544837E+03  0.00000000E+00  0.00000000E+00
Param:   5  1     0.00000000E+00  0.00000000E+00  0.00000000E+00  0.00000000E+00  0.00000000E+00  0.00000000E+00  0.00000000E+00  0.00000000E+00
Param:   5  2     0.00000000E+00  0.00000000E+00  0.00000000E+00  0.00000000E+00  0.00000000E+00  0.00000000E+00  0.00000000E+00  0.00000000E+00
Param:   5  3     0.00000000E+00  0.00000000E+00  0.00000000E+00  0.00000000E+00  0.00000000E+00  0.00000000E+00  0.00000000E+00  0.00000000E+00
Param:   5  4     0.00000000E+00  0.00000000E+00  0.00000000E+00  0.00000000E+00  0.00000000E+00  0.00000000E+00  0.00000000E+00  0.00000000E+00
Param:   5  5     0.25714589E+05 -0.11605241E+02 -0.11781027E+02 -0.54510528E+01  0.10813783E+03 -0.34104910E+01  0.00000000E+00  0.00000000E+00
Param:   5  6    -0.19831391E+05  0.24592984E+02  0.25163677E+02  0.76984251E+01  0.16846903E+02  0.18266142E+02  0.00000000E+00  0.00000000E+00
Param:   6  1     0.00000000E+00  0.00000000E+00  0.00000000E+00  0.00000000E+00  0.00000000E+00  0.00000000E+00  0.00000000E+00  0.00000000E+00
Param:   6  2     0.00000000E+00  0.00000000E+00  0.00000000E+00  0.00000000E+00  0.00000000E+00  0.00000000E+00  0.00000000E+00  0.00000000E+00
Param:   6  3     0.00000000E+00  0.00000000E+00  0.00000000E+00  0.00000000E+00  0.00000000E+00  0.00000000E+00  0.00000000E+00  0.00000000E+00
Param:   6  4     0.00000000E+00  0.00000000E+00  0.00000000E+00  0.00000000E+00  0.00000000E+00  0.00000000E+00  0.00000000E+00  0.00000000E+00
Param:   6  5     0.00000000E+00  0.00000000E+00  0.00000000E+00  0.00000000E+00  0.00000000E+00  0.00000000E+00  0.00000000E+00  0.00000000E+00
Param:   6  6    -0.12959661E+04 -0.68155149E+01 -0.68435875E+01 -0.37125813E+01 -0.30929014E+02 -0.10984733E+02  0.00000000E+00  0.00000000E+00
R-square:             0.3699E+00      0.9069E+00      0.9067E+00      0.7030E+00      0.7109E+00      0.8855E+00      0.0000E+00      0.0000E+00
      
 #### Cubic Response Surface ####
OutName:          TDS(m^3)        As(m^3)         Pb(m^3)         Cd(m^3)         Ba(m^3)         Ben(m^3)        Naph(m^3)       Phen(m^3)      
Constant:         0.29708239E+11 -0.56050882E+08 -0.56465736E+08 -0.27012496E+08  0.25042084E+09 -0.19908292E+09  0.00000000E+00  0.00000000E+00
Paramet:  1      -0.18599439E+09  0.36507497E+06  0.36922919E+06  0.18729321E+06 -0.20299042E+07  0.13988852E+07  0.00000000E+00  0.00000000E+00
Paramet:  2      -0.36125166E+13 -0.39943185E+10 -0.43918157E+10 -0.23546725E+10  0.29414504E+11 -0.21634867E+11  0.00000000E+00  0.00000000E+00
Paramet:  3       0.45301093E+10 -0.10081680E+08 -0.10170524E+08 -0.47275043E+07  0.35817792E+08 -0.34253397E+08  0.00000000E+00  0.00000000E+00
Paramet:  4      -0.89970774E+09  0.15240718E+06  0.14967309E+06  0.20721148E+06 -0.51138898E+07 -0.18147480E+06  0.00000000E+00  0.00000000E+00
Paramet:  5       0.29976952E+09  0.71198145E+05  0.73693268E+05 -0.17184781E+06  0.63930585E+07  0.48880048E+06  0.00000000E+00  0.00000000E+00
Paramet:  6      -0.13301980E+09 -0.72343935E+06 -0.73182123E+06 -0.15943933E+06 -0.43724235E+07 -0.89560876E+06  0.00000000E+00  0.00000000E+00
Param:   1  1     0.47617575E+05  0.75193207E+02  0.77907659E+02  0.39029192E+02  0.77240354E+03  0.96869183E+02  0.00000000E+00  0.00000000E+00
Param:   1  2     0.54594410E+09  0.14976518E+07  0.15280167E+07  0.76331090E+06 -0.22785154E+07  0.28887920E+07  0.00000000E+00  0.00000000E+00
Param:   1  3    -0.27556347E+08  0.65315566E+05  0.66155743E+05  0.33419168E+05 -0.29676554E+06  0.23936830E+06  0.00000000E+00  0.00000000E+00
Param:   1  4     0.67006360E+07 -0.16553385E+03 -0.14348890E+03 -0.12690634E+04  0.45098251E+05  0.24176915E+04  0.00000000E+00  0.00000000E+00
Param:   1  5    -0.27091527E+06 -0.15887681E+03 -0.15838320E+03  0.10006920E+03 -0.39287263E+04 -0.32413145E+03  0.00000000E+00  0.00000000E+00
Param:   1  6     0.15893531E+06  0.91975436E+03  0.92377428E+03 -0.68178452E+02  0.40703612E+04  0.17510631E+04  0.00000000E+00  0.00000000E+00
Param:   2  1     0.00000000E+00  0.00000000E+00  0.00000000E+00  0.00000000E+00  0.00000000E+00  0.00000000E+00  0.00000000E+00  0.00000000E+00
Param:   2  2     0.21383380E+14 -0.13797931E+11 -0.14069616E+11 -0.21467277E+11  0.29514030E+12  0.35815431E+11  0.00000000E+00  0.00000000E+00
Param:   2  3    -0.57995923E+12 -0.67015001E+09 -0.73634581E+09 -0.41047977E+09  0.50425447E+10 -0.35154266E+10  0.00000000E+00  0.00000000E+00
Param:   2  4    -0.97084137E+11 -0.22574436E+08 -0.23771648E+08  0.82195669E+07 -0.72998707E+09 -0.45353528E+08  0.00000000E+00  0.00000000E+00
Param:   2  5     0.18295944E+10 -0.35693707E+07 -0.35265456E+07 -0.33248836E+07  0.27043701E+08  0.15726862E+07  0.00000000E+00  0.00000000E+00
Param:   2  6     0.10094992E+10 -0.83920931E+07 -0.83021508E+07  0.20803039E+07 -0.24695986E+08 -0.41160175E+08  0.00000000E+00  0.00000000E+00
Param:   3  1     0.00000000E+00  0.00000000E+00  0.00000000E+00  0.00000000E+00  0.00000000E+00  0.00000000E+00  0.00000000E+00  0.00000000E+00
Param:   3  2     0.00000000E+00  0.00000000E+00  0.00000000E+00  0.00000000E+00  0.00000000E+00  0.00000000E+00  0.00000000E+00  0.00000000E+00
Param:   3  3     0.17267771E+09 -0.46932879E+06 -0.47407797E+06 -0.20526851E+06  0.11671806E+07 -0.14943056E+07  0.00000000E+00  0.00000000E+00
Param:   3  4    -0.71927554E+08  0.25801835E+05  0.25601673E+05  0.20097861E+05 -0.32121413E+06  0.21701398E+04  0.00000000E+00  0.00000000E+00
Param:   3  5     0.48275436E+08  0.77376374E+04  0.83018379E+04 -0.26726639E+05  0.95935717E+06  0.71473300E+05  0.00000000E+00  0.00000000E+00
Param:   3  6    -0.19679060E+08 -0.11179357E+06 -0.11313847E+06 -0.29256378E+05 -0.64117416E+06 -0.13266580E+06  0.00000000E+00  0.00000000E+00
Param:   4  1     0.00000000E+00  0.00000000E+00  0.00000000E+00  0.00000000E+00  0.00000000E+00  0.00000000E+00  0.00000000E+00  0.00000000E+00
Param:   4  2     0.00000000E+00  0.00000000E+00  0.00000000E+00  0.00000000E+00  0.00000000E+00  0.00000000E+00  0.00000000E+00  0.00000000E+00
Param:   4  3     0.00000000E+00  0.00000000E+00  0.00000000E+00  0.00000000E+00  0.00000000E+00  0.00000000E+00  0.00000000E+00  0.00000000E+00
Param:   4  4    -0.14304177E+07 -0.73972214E+02 -0.38097871E+02  0.11790664E+04 -0.46147264E+05 -0.53581985E+04  0.00000000E+00  0.00000000E+00
Param:   4  5     0.48428737E+07  0.32993850E+04  0.32155693E+04  0.11622444E+04  0.59245253E+04  0.12077405E+05  0.00000000E+00  0.00000000E+00
Param:   4  6    -0.15740747E+07 -0.13344404E+05 -0.13219089E+05 -0.53316588E+04  0.81022869E+04 -0.26297648E+05  0.00000000E+00  0.00000000E+00
Param:   5  1     0.00000000E+00  0.00000000E+00  0.00000000E+00  0.00000000E+00  0.00000000E+00  0.00000000E+00  0.00000000E+00  0.00000000E+00
Param:   5  2     0.00000000E+00  0.00000000E+00  0.00000000E+00  0.00000000E+00  0.00000000E+00  0.00000000E+00  0.00000000E+00  0.00000000E+00
Param:   5  3     0.00000000E+00  0.00000000E+00  0.00000000E+00  0.00000000E+00  0.00000000E+00  0.00000000E+00  0.00000000E+00  0.00000000E+00
Param:   5  4     0.00000000E+00  0.00000000E+00  0.00000000E+00  0.00000000E+00  0.00000000E+00  0.00000000E+00  0.00000000E+00  0.00000000E+00
Param:   5  5     0.29973854E+06 -0.32966976E+03 -0.30474555E+03 -0.15150573E+02 -0.57040358E+04 -0.13851519E+04  0.00000000E+00  0.00000000E+00
Param:   5  6     0.25051238E+05 -0.50769566E+03 -0.50594109E+03 -0.30941348E+03  0.34373705E+04  0.22667314E+03  0.00000000E+00  0.00000000E+00
Param:   6  1     0.00000000E+00  0.00000000E+00  0.00000000E+00  0.00000000E+00  0.00000000E+00  0.00000000E+00  0.00000000E+00  0.00000000E+00
Param:   6  2     0.00000000E+00  0.00000000E+00  0.00000000E+00  0.00000000E+00  0.00000000E+00  0.00000000E+00  0.00000000E+00  0.00000000E+00
Param:   6  3     0.00000000E+00  0.00000000E+00  0.00000000E+00  0.00000000E+00  0.00000000E+00  0.00000000E+00  0.00000000E+00  0.00000000E+00
Param:   6  4     0.00000000E+00  0.00000000E+00  0.00000000E+00  0.00000000E+00  0.00000000E+00  0.00000000E+00  0.00000000E+00  0.00000000E+00
Param:   6  5     0.00000000E+00  0.00000000E+00  0.00000000E+00  0.00000000E+00  0.00000000E+00  0.00000000E+00  0.00000000E+00  0.00000000E+00
Param:   6  6    -0.14412779E+05 -0.23719295E+03 -0.24020421E+03 -0.61477650E+02 -0.11837279E+04 -0.15709033E+03  0.00000000E+00  0.00000000E+00
Param:   1  1  1  0.15440554E+01 -0.24087250E-03 -0.29407633E-03 -0.11861144E-02 -0.20000047E-01  0.58590904E-03  0.00000000E+00  0.00000000E+00
Param:   1  1  2 -0.98666961E+04  0.53008967E+02  0.52690894E+02  0.10452751E+02  0.77239517E+02  0.11668642E+02  0.00000000E+00  0.00000000E+00
Param:   1  1  3  0.40328165E+04  0.62005298E+01  0.64217617E+01  0.31413177E+01  0.62327373E+02  0.80264727E+01  0.00000000E+00  0.00000000E+00
Param:   1  1  4 -0.25111689E+03 -0.68740612E+00 -0.69505315E+00 -0.10316570E+00 -0.55010660E+01 -0.12152852E+01  0.00000000E+00  0.00000000E+00
Param:   1  1  5  0.13497492E+02  0.26883335E-01  0.27396308E-01  0.36189258E-02  0.36318830E+00  0.80691744E-01  0.00000000E+00  0.00000000E+00
Param:   1  1  6 -0.48491888E+02 -0.95718686E-01 -0.96410326E-01 -0.29487916E-01 -0.28000237E+00 -0.20558101E+00  0.00000000E+00  0.00000000E+00
Param:   1  2  1  0.00000000E+00  0.00000000E+00  0.00000000E+00  0.00000000E+00  0.00000000E+00  0.00000000E+00  0.00000000E+00  0.00000000E+00
Param:   1  2  2  0.66816610E+09 -0.40705305E+06 -0.38135014E+06  0.59731914E+06 -0.21138202E+08 -0.39180676E+07  0.00000000E+00  0.00000000E+00
Param:   1  2  3  0.46397283E+08  0.12678637E+06  0.12935304E+06  0.65171557E+05 -0.21893621E+06  0.23349035E+06  0.00000000E+00  0.00000000E+00
Param:   1  2  4  0.52657403E+07 -0.39974342E+04 -0.39738834E+04 -0.10655928E+04  0.11125225E+04 -0.10652843E+05  0.00000000E+00  0.00000000E+00
Param:   1  2  5 -0.36722980E+06 -0.69901691E+02 -0.76412553E+02  0.17473126E+03 -0.15643535E+04 -0.40407890E+03  0.00000000E+00  0.00000000E+00
Param:   1  2  6 -0.15770517E+06  0.10707615E+04  0.10591379E+04  0.37818247E+03 -0.74981730E+04  0.81403021E+03  0.00000000E+00  0.00000000E+00
Param:   1  3  1  0.00000000E+00  0.00000000E+00  0.00000000E+00  0.00000000E+00  0.00000000E+00  0.00000000E+00  0.00000000E+00  0.00000000E+00
Param:   1  3  2  0.00000000E+00  0.00000000E+00  0.00000000E+00  0.00000000E+00  0.00000000E+00  0.00000000E+00  0.00000000E+00  0.00000000E+00
Param:   1  3  3 -0.10042435E+07  0.29043124E+04  0.29453363E+04  0.14811685E+04 -0.10702793E+05  0.10226358E+05  0.00000000E+00  0.00000000E+00
Param:   1  3  4  0.54867437E+06 -0.48571167E+02 -0.47167874E+02 -0.11274833E+03  0.35375087E+04  0.14320264E+03  0.00000000E+00  0.00000000E+00
Param:   1  3  5 -0.22298360E+05 -0.11960434E+02 -0.11917909E+02  0.85774519E+01 -0.30811456E+03 -0.23099032E+02  0.00000000E+00  0.00000000E+00
Param:   1  3  6  0.10628387E+05  0.72436750E+02  0.72733002E+02 -0.67583885E+01  0.31390186E+03  0.13412974E+03  0.00000000E+00  0.00000000E+00
Param:   1  4  1  0.00000000E+00  0.00000000E+00  0.00000000E+00  0.00000000E+00  0.00000000E+00  0.00000000E+00  0.00000000E+00  0.00000000E+00
Param:   1  4  2  0.00000000E+00  0.00000000E+00  0.00000000E+00  0.00000000E+00  0.00000000E+00  0.00000000E+00  0.00000000E+00  0.00000000E+00
Param:   1  4  3  0.00000000E+00  0.00000000E+00  0.00000000E+00  0.00000000E+00  0.00000000E+00  0.00000000E+00  0.00000000E+00  0.00000000E+00
Param:   1  4  4  0.54409420E+04  0.14946274E+02  0.14954756E+02 -0.25042412E+01  0.24038159E+03  0.43542816E+02  0.00000000E+00  0.00000000E+00
Param:   1  4  5 -0.27404874E+04 -0.11510496E+01 -0.12139521E+01 -0.43541896E-01 -0.18951171E+02 -0.46674240E+01  0.00000000E+00  0.00000000E+00
Param:   1  4  6  0.22675689E+04  0.28506510E+01  0.29240907E+01  0.12696623E+01  0.70210663E+01  0.52811492E+01  0.00000000E+00  0.00000000E+00
Param:   1  5  1  0.00000000E+00  0.00000000E+00  0.00000000E+00  0.00000000E+00  0.00000000E+00  0.00000000E+00  0.00000000E+00  0.00000000E+00
Param:   1  5  2  0.00000000E+00  0.00000000E+00  0.00000000E+00  0.00000000E+00  0.00000000E+00  0.00000000E+00  0.00000000E+00  0.00000000E+00
Param:   1  5  3  0.00000000E+00  0.00000000E+00  0.00000000E+00  0.00000000E+00  0.00000000E+00  0.00000000E+00  0.00000000E+00  0.00000000E+00
Param:   1  5  4  0.00000000E+00  0.00000000E+00  0.00000000E+00  0.00000000E+00  0.00000000E+00  0.00000000E+00  0.00000000E+00  0.00000000E+00
Param:   1  5  5  0.97656022E+02  0.76072957E-01  0.74204898E-01  0.16330543E-01  0.78434490E+00  0.20648562E+00  0.00000000E+00  0.00000000E+00
Param:   1  5  6 -0.82599627E+02 -0.12358896E+00 -0.12322637E+00 -0.63136477E-01 -0.13068845E+01 -0.35981623E+00  0.00000000E+00  0.00000000E+00
Param:   1  6  1  0.00000000E+00  0.00000000E+00  0.00000000E+00  0.00000000E+00  0.00000000E+00  0.00000000E+00  0.00000000E+00  0.00000000E+00
Param:   1  6  2  0.00000000E+00  0.00000000E+00  0.00000000E+00  0.00000000E+00  0.00000000E+00  0.00000000E+00  0.00000000E+00  0.00000000E+00
Param:   1  6  3  0.00000000E+00  0.00000000E+00  0.00000000E+00  0.00000000E+00  0.00000000E+00  0.00000000E+00  0.00000000E+00  0.00000000E+00
Param:   1  6  4  0.00000000E+00  0.00000000E+00  0.00000000E+00  0.00000000E+00  0.00000000E+00  0.00000000E+00  0.00000000E+00  0.00000000E+00
Param:   1  6  5  0.00000000E+00  0.00000000E+00  0.00000000E+00  0.00000000E+00  0.00000000E+00  0.00000000E+00  0.00000000E+00  0.00000000E+00
Param:   1  6  6 -0.41741356E+02 -0.83483912E-01 -0.85816158E-01 -0.16577658E-02 -0.97526503E+00 -0.32308271E+00  0.00000000E+00  0.00000000E+00
Param:   2  1  1  0.00000000E+00  0.00000000E+00  0.00000000E+00  0.00000000E+00  0.00000000E+00  0.00000000E+00  0.00000000E+00  0.00000000E+00
Param:   2  1  2  0.00000000E+00  0.00000000E+00  0.00000000E+00  0.00000000E+00  0.00000000E+00  0.00000000E+00  0.00000000E+00  0.00000000E+00
Param:   2  1  3  0.00000000E+00  0.00000000E+00  0.00000000E+00  0.00000000E+00  0.00000000E+00  0.00000000E+00  0.00000000E+00  0.00000000E+00
Param:   2  1  4  0.00000000E+00  0.00000000E+00  0.00000000E+00  0.00000000E+00  0.00000000E+00  0.00000000E+00  0.00000000E+00  0.00000000E+00
Param:   2  1  5  0.00000000E+00  0.00000000E+00  0.00000000E+00  0.00000000E+00  0.00000000E+00  0.00000000E+00  0.00000000E+00  0.00000000E+00
Param:   2  1  6  0.00000000E+00  0.00000000E+00  0.00000000E+00  0.00000000E+00  0.00000000E+00  0.00000000E+00  0.00000000E+00  0.00000000E+00
Param:   2  2  1  0.00000000E+00  0.00000000E+00  0.00000000E+00  0.00000000E+00  0.00000000E+00  0.00000000E+00  0.00000000E+00  0.00000000E+00
Param:   2  2  2  0.22108439E+14  0.45607409E+10  0.38035863E+10 -0.34872290E+11  0.60739511E+12  0.68621157E+11  0.00000000E+00  0.00000000E+00
Param:   2  2  3  0.18472967E+13 -0.11497382E+10 -0.11729960E+10 -0.18558258E+10  0.25446092E+11  0.30682761E+10  0.00000000E+00  0.00000000E+00
Param:   2  2  4  0.41470723E+11  0.10181292E+07  0.33777408E+07 -0.28223633E+08  0.72300235E+09  0.20049145E+09  0.00000000E+00  0.00000000E+00
Param:   2  2  5 -0.99334939E+10 -0.75719741E+07 -0.81790103E+07  0.96004531E+06 -0.92002104E+08 -0.30626924E+08  0.00000000E+00  0.00000000E+00
Param:   2  2  6  0.20343411E+11  0.68297586E+08  0.70005452E+08  0.20798091E+08  0.12176969E+09  0.11668587E+09  0.00000000E+00  0.00000000E+00
Param:   2  3  1  0.00000000E+00  0.00000000E+00  0.00000000E+00  0.00000000E+00  0.00000000E+00  0.00000000E+00  0.00000000E+00  0.00000000E+00
Param:   2  3  2  0.00000000E+00  0.00000000E+00  0.00000000E+00  0.00000000E+00  0.00000000E+00  0.00000000E+00  0.00000000E+00  0.00000000E+00
Param:   2  3  3 -0.23215642E+11 -0.28086744E+08 -0.30841963E+08 -0.17866699E+08  0.21590302E+09 -0.14278042E+09  0.00000000E+00  0.00000000E+00
Param:   2  3  4 -0.82352666E+10 -0.21065488E+07 -0.22055867E+07  0.67509145E+06 -0.61966436E+08 -0.42543708E+07  0.00000000E+00  0.00000000E+00
Param:   2  3  5  0.13013768E+09 -0.30417305E+06 -0.30174329E+06 -0.26781833E+06  0.19986419E+07  0.79185332E+05  0.00000000E+00  0.00000000E+00
Param:   2  3  6  0.81545767E+08 -0.51656732E+06 -0.50676161E+06  0.22435529E+06 -0.19463688E+07 -0.31509972E+07  0.00000000E+00  0.00000000E+00
Param:   2  4  1  0.00000000E+00  0.00000000E+00  0.00000000E+00  0.00000000E+00  0.00000000E+00  0.00000000E+00  0.00000000E+00  0.00000000E+00
Param:   2  4  2  0.00000000E+00  0.00000000E+00  0.00000000E+00  0.00000000E+00  0.00000000E+00  0.00000000E+00  0.00000000E+00  0.00000000E+00
Param:   2  4  3  0.00000000E+00  0.00000000E+00  0.00000000E+00  0.00000000E+00  0.00000000E+00  0.00000000E+00  0.00000000E+00  0.00000000E+00
Param:   2  4  4 -0.62639372E+09 -0.37780671E+06 -0.38569568E+06  0.11615532E+06 -0.61409077E+07 -0.12778252E+07  0.00000000E+00  0.00000000E+00
Param:   2  4  5 -0.18849549E+08  0.38056799E+05  0.38389903E+05  0.71157867E+03  0.41759249E+06  0.83358427E+05  0.00000000E+00  0.00000000E+00
Param:   2  4  6 -0.25408533E+08 -0.51678963E+04 -0.60310882E+04 -0.31772031E+04 -0.55239346E+06  0.17011039E+05  0.00000000E+00  0.00000000E+00
Param:   2  5  1  0.00000000E+00  0.00000000E+00  0.00000000E+00  0.00000000E+00  0.00000000E+00  0.00000000E+00  0.00000000E+00  0.00000000E+00
Param:   2  5  2  0.00000000E+00  0.00000000E+00  0.00000000E+00  0.00000000E+00  0.00000000E+00  0.00000000E+00  0.00000000E+00  0.00000000E+00
Param:   2  5  3  0.00000000E+00  0.00000000E+00  0.00000000E+00  0.00000000E+00  0.00000000E+00  0.00000000E+00  0.00000000E+00  0.00000000E+00
Param:   2  5  4  0.00000000E+00  0.00000000E+00  0.00000000E+00  0.00000000E+00  0.00000000E+00  0.00000000E+00  0.00000000E+00  0.00000000E+00
Param:   2  5  5  0.14105016E+07 -0.42400660E+03 -0.42684729E+03  0.40064110E+03 -0.30828929E+05 -0.21325044E+04  0.00000000E+00  0.00000000E+00
Param:   2  5  6 -0.26018015E+07  0.32428988E+04  0.33088981E+04 -0.25419891E+03  0.49702291E+05  0.47322740E+04  0.00000000E+00  0.00000000E+00
Param:   2  6  1  0.00000000E+00  0.00000000E+00  0.00000000E+00  0.00000000E+00  0.00000000E+00  0.00000000E+00  0.00000000E+00  0.00000000E+00
Param:   2  6  2  0.00000000E+00  0.00000000E+00  0.00000000E+00  0.00000000E+00  0.00000000E+00  0.00000000E+00  0.00000000E+00  0.00000000E+00
Param:   2  6  3  0.00000000E+00  0.00000000E+00  0.00000000E+00  0.00000000E+00  0.00000000E+00  0.00000000E+00  0.00000000E+00  0.00000000E+00
Param:   2  6  4  0.00000000E+00  0.00000000E+00  0.00000000E+00  0.00000000E+00  0.00000000E+00  0.00000000E+00  0.00000000E+00  0.00000000E+00
Param:   2  6  5  0.00000000E+00  0.00000000E+00  0.00000000E+00  0.00000000E+00  0.00000000E+00  0.00000000E+00  0.00000000E+00  0.00000000E+00
Param:   2  6  6 -0.70452700E+06  0.23573058E+04  0.23665423E+04  0.97170667E+03  0.11873643E+05  0.77684655E+03  0.00000000E+00  0.00000000E+00
Param:   3  1  1  0.00000000E+00  0.00000000E+00  0.00000000E+00  0.00000000E+00  0.00000000E+00  0.00000000E+00  0.00000000E+00  0.00000000E+00
Param:   3  1  2  0.00000000E+00  0.00000000E+00  0.00000000E+00  0.00000000E+00  0.00000000E+00  0.00000000E+00  0.00000000E+00  0.00000000E+00
Param:   3  1  3  0.00000000E+00  0.00000000E+00  0.00000000E+00  0.00000000E+00  0.00000000E+00  0.00000000E+00  0.00000000E+00  0.00000000E+00
Param:   3  1  4  0.00000000E+00  0.00000000E+00  0.00000000E+00  0.00000000E+00  0.00000000E+00  0.00000000E+00  0.00000000E+00  0.00000000E+00
Param:   3  1  5  0.00000000E+00  0.00000000E+00  0.00000000E+00  0.00000000E+00  0.00000000E+00  0.00000000E+00  0.00000000E+00  0.00000000E+00
Param:   3  1  6  0.00000000E+00  0.00000000E+00  0.00000000E+00  0.00000000E+00  0.00000000E+00  0.00000000E+00  0.00000000E+00  0.00000000E+00
Param:   3  2  1  0.00000000E+00  0.00000000E+00  0.00000000E+00  0.00000000E+00  0.00000000E+00  0.00000000E+00  0.00000000E+00  0.00000000E+00
Param:   3  2  2  0.00000000E+00  0.00000000E+00  0.00000000E+00  0.00000000E+00  0.00000000E+00  0.00000000E+00  0.00000000E+00  0.00000000E+00
Param:   3  2  3  0.00000000E+00  0.00000000E+00  0.00000000E+00  0.00000000E+00  0.00000000E+00  0.00000000E+00  0.00000000E+00  0.00000000E+00
Param:   3  2  4  0.00000000E+00  0.00000000E+00  0.00000000E+00  0.00000000E+00  0.00000000E+00  0.00000000E+00  0.00000000E+00  0.00000000E+00
Param:   3  2  5  0.00000000E+00  0.00000000E+00  0.00000000E+00  0.00000000E+00  0.00000000E+00  0.00000000E+00  0.00000000E+00  0.00000000E+00
Param:   3  2  6  0.00000000E+00  0.00000000E+00  0.00000000E+00  0.00000000E+00  0.00000000E+00  0.00000000E+00  0.00000000E+00  0.00000000E+00
Param:   3  3  1  0.00000000E+00  0.00000000E+00  0.00000000E+00  0.00000000E+00  0.00000000E+00  0.00000000E+00  0.00000000E+00  0.00000000E+00
Param:   3  3  2  0.00000000E+00  0.00000000E+00  0.00000000E+00  0.00000000E+00  0.00000000E+00  0.00000000E+00  0.00000000E+00  0.00000000E+00
Param:   3  3  3  0.12220499E+06 -0.15679997E+04 -0.15879518E+04  0.67176687E+02 -0.71413775E+04 -0.19380600E+04  0.00000000E+00  0.00000000E+00
Param:   3  3  4  0.15563691E+06  0.74655751E+03  0.74463071E+03  0.16307819E+03  0.67096599E+04  0.87499689E+03  0.00000000E+00  0.00000000E+00
Param:   3  3  5  0.19264938E+07  0.15854857E+03  0.18792355E+03 -0.10232693E+04  0.35674809E+05  0.25890086E+04  0.00000000E+00  0.00000000E+00
Param:   3  3  6 -0.73512033E+06 -0.42496324E+04 -0.43032604E+04 -0.13193762E+04 -0.23250361E+05 -0.48413486E+04  0.00000000E+00  0.00000000E+00
Param:   3  4  1  0.00000000E+00  0.00000000E+00  0.00000000E+00  0.00000000E+00  0.00000000E+00  0.00000000E+00  0.00000000E+00  0.00000000E+00
Param:   3  4  2  0.00000000E+00  0.00000000E+00  0.00000000E+00  0.00000000E+00  0.00000000E+00  0.00000000E+00  0.00000000E+00  0.00000000E+00
Param:   3  4  3  0.00000000E+00  0.00000000E+00  0.00000000E+00  0.00000000E+00  0.00000000E+00  0.00000000E+00  0.00000000E+00  0.00000000E+00
Param:   3  4  4 -0.69212048E+05  0.17991338E+03  0.18220328E+03  0.70696190E+02 -0.64532591E+03  0.61396014E+02  0.00000000E+00  0.00000000E+00
Param:   3  4  5  0.42994397E+06  0.27445796E+03  0.26845603E+03  0.10485140E+03  0.40453243E+03  0.97551883E+03  0.00000000E+00  0.00000000E+00
Param:   3  4  6 -0.11700521E+06 -0.11203881E+04 -0.11107470E+04 -0.43975005E+03  0.39573791E+03 -0.21843765E+04  0.00000000E+00  0.00000000E+00
Param:   3  5  1  0.00000000E+00  0.00000000E+00  0.00000000E+00  0.00000000E+00  0.00000000E+00  0.00000000E+00  0.00000000E+00  0.00000000E+00
Param:   3  5  2  0.00000000E+00  0.00000000E+00  0.00000000E+00  0.00000000E+00  0.00000000E+00  0.00000000E+00  0.00000000E+00  0.00000000E+00
Param:   3  5  3  0.00000000E+00  0.00000000E+00  0.00000000E+00  0.00000000E+00  0.00000000E+00  0.00000000E+00  0.00000000E+00  0.00000000E+00
Param:   3  5  4  0.00000000E+00  0.00000000E+00  0.00000000E+00  0.00000000E+00  0.00000000E+00  0.00000000E+00  0.00000000E+00  0.00000000E+00
Param:   3  5  5  0.17347202E+05 -0.27964642E+02 -0.25760898E+02  0.16707102E+01 -0.49701158E+03 -0.11373049E+03  0.00000000E+00  0.00000000E+00
Param:   3  5  6  0.10677212E+05 -0.47450053E+02 -0.47263959E+02 -0.27968402E+02  0.31270125E+03  0.12849442E+02  0.00000000E+00  0.00000000E+00
Param:   3  6  1  0.00000000E+00  0.00000000E+00  0.00000000E+00  0.00000000E+00  0.00000000E+00  0.00000000E+00  0.00000000E+00  0.00000000E+00
Param:   3  6  2  0.00000000E+00  0.00000000E+00  0.00000000E+00  0.00000000E+00  0.00000000E+00  0.00000000E+00  0.00000000E+00  0.00000000E+00
Param:   3  6  3  0.00000000E+00  0.00000000E+00  0.00000000E+00  0.00000000E+00  0.00000000E+00  0.00000000E+00  0.00000000E+00  0.00000000E+00
Param:   3  6  4  0.00000000E+00  0.00000000E+00  0.00000000E+00  0.00000000E+00  0.00000000E+00  0.00000000E+00  0.00000000E+00  0.00000000E+00
Param:   3  6  5  0.00000000E+00  0.00000000E+00  0.00000000E+00  0.00000000E+00  0.00000000E+00  0.00000000E+00  0.00000000E+00  0.00000000E+00
Param:   3  6  6 -0.24370655E+04 -0.16682273E+02 -0.16985546E+02 -0.44472510E+01 -0.10640247E+03 -0.13610220E+02  0.00000000E+00  0.00000000E+00
Param:   4  1  1  0.00000000E+00  0.00000000E+00  0.00000000E+00  0.00000000E+00  0.00000000E+00  0.00000000E+00  0.00000000E+00  0.00000000E+00
Param:   4  1  2  0.00000000E+00  0.00000000E+00  0.00000000E+00  0.00000000E+00  0.00000000E+00  0.00000000E+00  0.00000000E+00  0.00000000E+00
Param:   4  1  3  0.00000000E+00  0.00000000E+00  0.00000000E+00  0.00000000E+00  0.00000000E+00  0.00000000E+00  0.00000000E+00  0.00000000E+00
Param:   4  1  4  0.00000000E+00  0.00000000E+00  0.00000000E+00  0.00000000E+00  0.00000000E+00  0.00000000E+00  0.00000000E+00  0.00000000E+00
Param:   4  1  5  0.00000000E+00  0.00000000E+00  0.00000000E+00  0.00000000E+00  0.00000000E+00  0.00000000E+00  0.00000000E+00  0.00000000E+00
Param:   4  1  6  0.00000000E+00  0.00000000E+00  0.00000000E+00  0.00000000E+00  0.00000000E+00  0.00000000E+00  0.00000000E+00  0.00000000E+00
Param:   4  2  1  0.00000000E+00  0.00000000E+00  0.00000000E+00  0.00000000E+00  0.00000000E+00  0.00000000E+00  0.00000000E+00  0.00000000E+00
Param:   4  2  2  0.00000000E+00  0.00000000E+00  0.00000000E+00  0.00000000E+00  0.00000000E+00  0.00000000E+00  0.00000000E+00  0.00000000E+00
Param:   4  2  3  0.00000000E+00  0.00000000E+00  0.00000000E+00  0.00000000E+00  0.00000000E+00  0.00000000E+00  0.00000000E+00  0.00000000E+00
Param:   4  2  4  0.00000000E+00  0.00000000E+00  0.00000000E+00  0.00000000E+00  0.00000000E+00  0.00000000E+00  0.00000000E+00  0.00000000E+00
Param:   4  2  5  0.00000000E+00  0.00000000E+00  0.00000000E+00  0.00000000E+00  0.00000000E+00  0.00000000E+00  0.00000000E+00  0.00000000E+00
Param:   4  2  6  0.00000000E+00  0.00000000E+00  0.00000000E+00  0.00000000E+00  0.00000000E+00  0.00000000E+00  0.00000000E+00  0.00000000E+00
Param:   4  3  1  0.00000000E+00  0.00000000E+00  0.00000000E+00  0.00000000E+00  0.00000000E+00  0.00000000E+00  0.00000000E+00  0.00000000E+00
Param:   4  3  2  0.00000000E+00  0.00000000E+00  0.00000000E+00  0.00000000E+00  0.00000000E+00  0.00000000E+00  0.00000000E+00  0.00000000E+00
Param:   4  3  3  0.00000000E+00  0.00000000E+00  0.00000000E+00  0.00000000E+00  0.00000000E+00  0.00000000E+00  0.00000000E+00  0.00000000E+00
Param:   4  3  4  0.00000000E+00  0.00000000E+00  0.00000000E+00  0.00000000E+00  0.00000000E+00  0.00000000E+00  0.00000000E+00  0.00000000E+00
Param:   4  3  5  0.00000000E+00  0.00000000E+00  0.00000000E+00  0.00000000E+00  0.00000000E+00  0.00000000E+00  0.00000000E+00  0.00000000E+00
Param:   4  3  6  0.00000000E+00  0.00000000E+00  0.00000000E+00  0.00000000E+00  0.00000000E+00  0.00000000E+00  0.00000000E+00  0.00000000E+00
Param:   4  4  1  0.00000000E+00  0.00000000E+00  0.00000000E+00  0.00000000E+00  0.00000000E+00  0.00000000E+00  0.00000000E+00  0.00000000E+00
Param:   4  4  2  0.00000000E+00  0.00000000E+00  0.00000000E+00  0.00000000E+00  0.00000000E+00  0.00000000E+00  0.00000000E+00  0.00000000E+00
Param:   4  4  3  0.00000000E+00  0.00000000E+00  0.00000000E+00  0.00000000E+00  0.00000000E+00  0.00000000E+00  0.00000000E+00  0.00000000E+00
Param:   4  4  4  0.60147069E+05  0.67175785E+02  0.66693963E+02  0.19529797E+01  0.13418691E+04  0.10437036E+03  0.00000000E+00  0.00000000E+00
Param:   4  4  5  0.12227887E+06 -0.55565770E+02 -0.51067290E+02  0.39203740E+01 -0.60772629E+03 -0.35802521E+02  0.00000000E+00  0.00000000E+00
Param:   4  4  6 -0.46233125E+04  0.15360699E+02  0.13024483E+02 -0.64514442E+02  0.15023005E+04 -0.48751726E+02  0.00000000E+00  0.00000000E+00
Param:   4  5  1  0.00000000E+00  0.00000000E+00  0.00000000E+00  0.00000000E+00  0.00000000E+00  0.00000000E+00  0.00000000E+00  0.00000000E+00
Param:   4  5  2  0.00000000E+00  0.00000000E+00  0.00000000E+00  0.00000000E+00  0.00000000E+00  0.00000000E+00  0.00000000E+00  0.00000000E+00
Param:   4  5  3  0.00000000E+00  0.00000000E+00  0.00000000E+00  0.00000000E+00  0.00000000E+00  0.00000000E+00  0.00000000E+00  0.00000000E+00
Param:   4  5  4  0.00000000E+00  0.00000000E+00  0.00000000E+00  0.00000000E+00  0.00000000E+00  0.00000000E+00  0.00000000E+00  0.00000000E+00
Param:   4  5  5  0.88874184E+04  0.72022680E+01  0.73351289E+01  0.12175990E+01  0.80105252E+02  0.12487491E+02  0.00000000E+00  0.00000000E+00
Param:   4  5  6 -0.12571381E+04 -0.88377414E+01 -0.91786971E+01  0.23207071E+01 -0.12581376E+03 -0.12389696E+02  0.00000000E+00  0.00000000E+00
Param:   4  6  1  0.00000000E+00  0.00000000E+00  0.00000000E+00  0.00000000E+00  0.00000000E+00  0.00000000E+00  0.00000000E+00  0.00000000E+00
Param:   4  6  2  0.00000000E+00  0.00000000E+00  0.00000000E+00  0.00000000E+00  0.00000000E+00  0.00000000E+00  0.00000000E+00  0.00000000E+00
Param:   4  6  3  0.00000000E+00  0.00000000E+00  0.00000000E+00  0.00000000E+00  0.00000000E+00  0.00000000E+00  0.00000000E+00  0.00000000E+00
Param:   4  6  4  0.00000000E+00  0.00000000E+00  0.00000000E+00  0.00000000E+00  0.00000000E+00  0.00000000E+00  0.00000000E+00  0.00000000E+00
Param:   4  6  5  0.00000000E+00  0.00000000E+00  0.00000000E+00  0.00000000E+00  0.00000000E+00  0.00000000E+00  0.00000000E+00  0.00000000E+00
Param:   4  6  6 -0.64878286E+03 -0.45656685E+01 -0.45831985E+01 -0.10364019E+01 -0.32704778E+02 -0.28409205E+01  0.00000000E+00  0.00000000E+00
Param:   5  1  1  0.00000000E+00  0.00000000E+00  0.00000000E+00  0.00000000E+00  0.00000000E+00  0.00000000E+00  0.00000000E+00  0.00000000E+00
Param:   5  1  2  0.00000000E+00  0.00000000E+00  0.00000000E+00  0.00000000E+00  0.00000000E+00  0.00000000E+00  0.00000000E+00  0.00000000E+00
Param:   5  1  3  0.00000000E+00  0.00000000E+00  0.00000000E+00  0.00000000E+00  0.00000000E+00  0.00000000E+00  0.00000000E+00  0.00000000E+00
Param:   5  1  4  0.00000000E+00  0.00000000E+00  0.00000000E+00  0.00000000E+00  0.00000000E+00  0.00000000E+00  0.00000000E+00  0.00000000E+00
Param:   5  1  5  0.00000000E+00  0.00000000E+00  0.00000000E+00  0.00000000E+00  0.00000000E+00  0.00000000E+00  0.00000000E+00  0.00000000E+00
Param:   5  1  6  0.00000000E+00  0.00000000E+00  0.00000000E+00  0.00000000E+00  0.00000000E+00  0.00000000E+00  0.00000000E+00  0.00000000E+00
Param:   5  2  1  0.00000000E+00  0.00000000E+00  0.00000000E+00  0.00000000E+00  0.00000000E+00  0.00000000E+00  0.00000000E+00  0.00000000E+00
Param:   5  2  2  0.00000000E+00  0.00000000E+00  0.00000000E+00  0.00000000E+00  0.00000000E+00  0.00000000E+00  0.00000000E+00  0.00000000E+00
Param:   5  2  3  0.00000000E+00  0.00000000E+00  0.00000000E+00  0.00000000E+00  0.00000000E+00  0.00000000E+00  0.00000000E+00  0.00000000E+00
Param:   5  2  4  0.00000000E+00  0.00000000E+00  0.00000000E+00  0.00000000E+00  0.00000000E+00  0.00000000E+00  0.00000000E+00  0.00000000E+00
Param:   5  2  5  0.00000000E+00  0.00000000E+00  0.00000000E+00  0.00000000E+00  0.00000000E+00  0.00000000E+00  0.00000000E+00  0.00000000E+00
Param:   5  2  6  0.00000000E+00  0.00000000E+00  0.00000000E+00  0.00000000E+00  0.00000000E+00  0.00000000E+00  0.00000000E+00  0.00000000E+00
Param:   5  3  1  0.00000000E+00  0.00000000E+00  0.00000000E+00  0.00000000E+00  0.00000000E+00  0.00000000E+00  0.00000000E+00  0.00000000E+00
Param:   5  3  2  0.00000000E+00  0.00000000E+00  0.00000000E+00  0.00000000E+00  0.00000000E+00  0.00000000E+00  0.00000000E+00  0.00000000E+00
Param:   5  3  3  0.00000000E+00  0.00000000E+00  0.00000000E+00  0.00000000E+00  0.00000000E+00  0.00000000E+00  0.00000000E+00  0.00000000E+00
Param:   5  3  4  0.00000000E+00  0.00000000E+00  0.00000000E+00  0.00000000E+00  0.00000000E+00  0.00000000E+00  0.00000000E+00  0.00000000E+00
Param:   5  3  5  0.00000000E+00  0.00000000E+00  0.00000000E+00  0.00000000E+00  0.00000000E+00  0.00000000E+00  0.00000000E+00  0.00000000E+00
Param:   5  3  6  0.00000000E+00  0.00000000E+00  0.00000000E+00  0.00000000E+00  0.00000000E+00  0.00000000E+00  0.00000000E+00  0.00000000E+00
Param:   5  4  1  0.00000000E+00  0.00000000E+00  0.00000000E+00  0.00000000E+00  0.00000000E+00  0.00000000E+00  0.00000000E+00  0.00000000E+00
Param:   5  4  2  0.00000000E+00  0.00000000E+00  0.00000000E+00  0.00000000E+00  0.00000000E+00  0.00000000E+00  0.00000000E+00  0.00000000E+00
Param:   5  4  3  0.00000000E+00  0.00000000E+00  0.00000000E+00  0.00000000E+00  0.00000000E+00  0.00000000E+00  0.00000000E+00  0.00000000E+00
Param:   5  4  4  0.00000000E+00  0.00000000E+00  0.00000000E+00  0.00000000E+00  0.00000000E+00  0.00000000E+00  0.00000000E+00  0.00000000E+00
Param:   5  4  5  0.00000000E+00  0.00000000E+00  0.00000000E+00  0.00000000E+00  0.00000000E+00  0.00000000E+00  0.00000000E+00  0.00000000E+00
Param:   5  4  6  0.00000000E+00  0.00000000E+00  0.00000000E+00  0.00000000E+00  0.00000000E+00  0.00000000E+00  0.00000000E+00  0.00000000E+00
Param:   5  5  1  0.00000000E+00  0.00000000E+00  0.00000000E+00  0.00000000E+00  0.00000000E+00  0.00000000E+00  0.00000000E+00  0.00000000E+00
Param:   5  5  2  0.00000000E+00  0.00000000E+00  0.00000000E+00  0.00000000E+00  0.00000000E+00  0.00000000E+00  0.00000000E+00  0.00000000E+00
Param:   5  5  3  0.00000000E+00  0.00000000E+00  0.00000000E+00  0.00000000E+00  0.00000000E+00  0.00000000E+00  0.00000000E+00  0.00000000E+00
Param:   5  5  4  0.00000000E+00  0.00000000E+00  0.00000000E+00  0.00000000E+00  0.00000000E+00  0.00000000E+00  0.00000000E+00  0.00000000E+00
Param:   5  5  5 -0.14935683E+04 -0.44152793E+00 -0.41892218E+00  0.20328090E+00 -0.42722377E+01 -0.55639253E+00  0.00000000E+00  0.00000000E+00
Param:   5  5  6  0.14487737E+04 -0.11060976E+00 -0.11194131E+00 -0.44640140E-02  0.69484248E+01  0.28455649E+00  0.00000000E+00  0.00000000E+00
Param:   5  6  1  0.00000000E+00  0.00000000E+00  0.00000000E+00  0.00000000E+00  0.00000000E+00  0.00000000E+00  0.00000000E+00  0.00000000E+00
Param:   5  6  2  0.00000000E+00  0.00000000E+00  0.00000000E+00  0.00000000E+00  0.00000000E+00  0.00000000E+00  0.00000000E+00  0.00000000E+00
Param:   5  6  3  0.00000000E+00  0.00000000E+00  0.00000000E+00  0.00000000E+00  0.00000000E+00  0.00000000E+00  0.00000000E+00  0.00000000E+00
Param:   5  6  4  0.00000000E+00  0.00000000E+00  0.00000000E+00  0.00000000E+00  0.00000000E+00  0.00000000E+00  0.00000000E+00  0.00000000E+00
Param:   5  6  5  0.00000000E+00  0.00000000E+00  0.00000000E+00  0.00000000E+00  0.00000000E+00  0.00000000E+00  0.00000000E+00  0.00000000E+00
Param:   5  6  6  0.98320960E+02 -0.38094092E-01 -0.27503671E-01 -0.13022697E+00  0.19486571E+01  0.12991665E+00  0.00000000E+00  0.00000000E+00
Param:   6  1  1  0.00000000E+00  0.00000000E+00  0.00000000E+00  0.00000000E+00  0.00000000E+00  0.00000000E+00  0.00000000E+00  0.00000000E+00
Param:   6  1  2  0.00000000E+00  0.00000000E+00  0.00000000E+00  0.00000000E+00  0.00000000E+00  0.00000000E+00  0.00000000E+00  0.00000000E+00
Param:   6  1  3  0.00000000E+00  0.00000000E+00  0.00000000E+00  0.00000000E+00  0.00000000E+00  0.00000000E+00  0.00000000E+00  0.00000000E+00
Param:   6  1  4  0.00000000E+00  0.00000000E+00  0.00000000E+00  0.00000000E+00  0.00000000E+00  0.00000000E+00  0.00000000E+00  0.00000000E+00
Param:   6  1  5  0.00000000E+00  0.00000000E+00  0.00000000E+00  0.00000000E+00  0.00000000E+00  0.00000000E+00  0.00000000E+00  0.00000000E+00
Param:   6  1  6  0.00000000E+00  0.00000000E+00  0.00000000E+00  0.00000000E+00  0.00000000E+00  0.00000000E+00  0.00000000E+00  0.00000000E+00
Param:   6  2  1  0.00000000E+00  0.00000000E+00  0.00000000E+00  0.00000000E+00  0.00000000E+00  0.00000000E+00  0.00000000E+00  0.00000000E+00
Param:   6  2  2  0.00000000E+00  0.00000000E+00  0.00000000E+00  0.00000000E+00  0.00000000E+00  0.00000000E+00  0.00000000E+00  0.00000000E+00
Param:   6  2  3  0.00000000E+00  0.00000000E+00  0.00000000E+00  0.00000000E+00  0.00000000E+00  0.00000000E+00  0.00000000E+00  0.00000000E+00
Param:   6  2  4  0.00000000E+00  0.00000000E+00  0.00000000E+00  0.00000000E+00  0.00000000E+00  0.00000000E+00  0.00000000E+00  0.00000000E+00
Param:   6  2  5  0.00000000E+00  0.00000000E+00  0.00000000E+00  0.00000000E+00  0.00000000E+00  0.00000000E+00  0.00000000E+00  0.00000000E+00
Param:   6  2  6  0.00000000E+00  0.00000000E+00  0.00000000E+00  0.00000000E+00  0.00000000E+00  0.00000000E+00  0.00000000E+00  0.00000000E+00
Param:   6  3  1  0.00000000E+00  0.00000000E+00  0.00000000E+00  0.00000000E+00  0.00000000E+00  0.00000000E+00  0.00000000E+00  0.00000000E+00
Param:   6  3  2  0.00000000E+00  0.00000000E+00  0.00000000E+00  0.00000000E+00  0.00000000E+00  0.00000000E+00  0.00000000E+00  0.00000000E+00
Param:   6  3  3  0.00000000E+00  0.00000000E+00  0.00000000E+00  0.00000000E+00  0.00000000E+00  0.00000000E+00  0.00000000E+00  0.00000000E+00
Param:   6  3  4  0.00000000E+00  0.00000000E+00  0.00000000E+00  0.00000000E+00  0.00000000E+00  0.00000000E+00  0.00000000E+00  0.00000000E+00
Param:   6  3  5  0.00000000E+00  0.00000000E+00  0.00000000E+00  0.00000000E+00  0.00000000E+00  0.00000000E+00  0.00000000E+00  0.00000000E+00
Param:   6  3  6  0.00000000E+00  0.00000000E+00  0.00000000E+00  0.00000000E+00  0.00000000E+00  0.00000000E+00  0.00000000E+00  0.00000000E+00
Param:   6  4  1  0.00000000E+00  0.00000000E+00  0.00000000E+00  0.00000000E+00  0.00000000E+00  0.00000000E+00  0.00000000E+00  0.00000000E+00
Param:   6  4  2  0.00000000E+00  0.00000000E+00  0.00000000E+00  0.00000000E+00  0.00000000E+00  0.00000000E+00  0.00000000E+00  0.00000000E+00
Param:   6  4  3  0.00000000E+00  0.00000000E+00  0.00000000E+00  0.00000000E+00  0.00000000E+00  0.00000000E+00  0.00000000E+00  0.00000000E+00
Param:   6  4  4  0.00000000E+00  0.00000000E+00  0.00000000E+00  0.00000000E+00  0.00000000E+00  0.00000000E+00  0.00000000E+00  0.00000000E+00
Param:   6  4  5  0.00000000E+00  0.00000000E+00  0.00000000E+00  0.00000000E+00  0.00000000E+00  0.00000000E+00  0.00000000E+00  0.00000000E+00
Param:   6  4  6  0.00000000E+00  0.00000000E+00  0.00000000E+00  0.00000000E+00  0.00000000E+00  0.00000000E+00  0.00000000E+00  0.00000000E+00
Param:   6  5  1  0.00000000E+00  0.00000000E+00  0.00000000E+00  0.00000000E+00  0.00000000E+00  0.00000000E+00  0.00000000E+00  0.00000000E+00
Param:   6  5  2  0.00000000E+00  0.00000000E+00  0.00000000E+00  0.00000000E+00  0.00000000E+00  0.00000000E+00  0.00000000E+00  0.00000000E+00
Param:   6  5  3  0.00000000E+00  0.00000000E+00  0.00000000E+00  0.00000000E+00  0.00000000E+00  0.00000000E+00  0.00000000E+00  0.00000000E+00
Param:   6  5  4  0.00000000E+00  0.00000000E+00  0.00000000E+00  0.00000000E+00  0.00000000E+00  0.00000000E+00  0.00000000E+00  0.00000000E+00
Param:   6  5  5  0.00000000E+00  0.00000000E+00  0.00000000E+00  0.00000000E+00  0.00000000E+00  0.00000000E+00  0.00000000E+00  0.00000000E+00
Param:   6  5  6  0.00000000E+00  0.00000000E+00  0.00000000E+00  0.00000000E+00  0.00000000E+00  0.00000000E+00  0.00000000E+00  0.00000000E+00
Param:   6  6  1  0.00000000E+00  0.00000000E+00  0.00000000E+00  0.00000000E+00  0.00000000E+00  0.00000000E+00  0.00000000E+00  0.00000000E+00
Param:   6  6  2  0.00000000E+00  0.00000000E+00  0.00000000E+00  0.00000000E+00  0.00000000E+00  0.00000000E+00  0.00000000E+00  0.00000000E+00
Param:   6  6  3  0.00000000E+00  0.00000000E+00  0.00000000E+00  0.00000000E+00  0.00000000E+00  0.00000000E+00  0.00000000E+00  0.00000000E+00
Param:   6  6  4  0.00000000E+00  0.00000000E+00  0.00000000E+00  0.00000000E+00  0.00000000E+00  0.00000000E+00  0.00000000E+00  0.00000000E+00
Param:   6  6  5  0.00000000E+00  0.00000000E+00  0.00000000E+00  0.00000000E+00  0.00000000E+00  0.00000000E+00  0.00000000E+00  0.00000000E+00
Param:   6  6  6 -0.24575089E+02  0.12240399E+00  0.12026767E+00  0.18386200E-01 -0.32481688E-01  0.11498499E+00  0.00000000E+00  0.00000000E+00
R-square:             0.5015E+00      0.9579E+00      0.9579E+00      0.8503E+00      0.8387E+00      0.9480E+00      0.0000E+00      0.0000E+00
